4,58 2,24 -9,91 -3,12 -4,67 -4,08 7,39 9,94 6,19 5,10 133,02 
-9,73 -7,42 -0,09 0,83 2,24 2,90 -7,59 9,31 -2,50 -8,58 -32,52 
-3,45 -8,72 -5,36 1,87 5,44 3,08 0,16 6,64 -2,56 3,63 62,57 
3,95 1,77 6,32 1,37 9,23 1,46 4,53 2,44 4,85 8,88 192,48 
5,10 -8,77 6,66 1,05 5,83 -1,26 -9,15 5,04 -3,24 -6,14 -43,98 
2,66 3,31 -9,33 -7,73 8,50 -0,52 -7,77 -4,73 9,79 -5,17 -46,53 
2,52 -5,38 -8,93 -2,20 9,76 -8,56 0,15 -7,70 3,33 7,95 -17,55 
0,92 2,82 -0,56 1,56 8,43 1,94 -8,54 -6,55 -5,94 -3,31 -50,26 
-3,71 2,10 8,01 8,99 -3,84 -2,04 9,45 3,75 2,08 -3,32 135,16 
0,14 8,73 5,14 9,05 -8,62 -9,10 0,97 2,54 2,33 4,42 77,51 
