5,86 0,44 4,36 2,49 -3,92 -5,30 -7,45 -9,59 -4,58 9,20 -9,98 5,38 9,00 -7,37 9,89 -1,61 6,24 -1,28 6,45 8,35 -7,11 7,20 7,27 9,47 4,87 0,93 -2,51 2,12 7,74 0,79 8,32 2,04 -8,25 -3,62 -8,38 4,49 2,31 -9,08 -6,44 3,71 -7,96 -2,18 -0,09 3,21 6,19 1,36 3,13 -4,46 -7,39 -4,05 -1,11 6,84 -8,53 -7,85 -6,65 -2,75 -1,91 -7,50 0,99 4,89 -5,05 -3,43 9,92 -2,09 -6,67 2,63 -2,37 -2,64 0,45 -7,94 -9,68 1,96 -2,34 3,49 -4,35 -4,28 -7,44 8,12 -7,95 -3,64 6,81 9,73 3,55 -1,58 -7,92 -3,68 6,13 0,82 3,02 -0,99 3,20 -2,97 8,86 -4,26 3,48 -3,75 -7,63 3,83 5,28 0,81 -6,04 
0,90 -5,91 -2,60 -4,56 3,84 0,19 1,95 -1,55 1,78 4,24 -7,76 9,73 3,76 -7,19 9,01 6,05 -8,69 -7,54 -5,17 3,79 0,62 -1,76 -7,02 3,36 -4,87 6,25 -8,63 6,05 -0,34 -8,81 -4,43 3,27 4,73 5,70 -9,71 9,79 3,84 9,57 -1,55 8,48 -9,40 -6,28 7,68 -0,41 -7,15 6,44 -4,91 8,32 -1,01 -0,30 1,82 5,69 -5,76 -3,03 -7,87 -1,31 -8,13 -6,36 6,92 8,29 1,63 -1,92 5,95 3,89 8,25 -1,54 -1,92 -6,40 -7,79 -9,70 3,65 7,57 -4,10 -7,62 1,75 4,59 4,34 6,82 3,75 6,22 -0,90 -1,36 -3,41 -2,52 -2,86 1,29 0,45 9,30 9,62 -9,42 -9,40 -4,22 -2,35 7,65 -3,89 -6,02 8,22 6,19 -4,32 6,03 -155,66 
-9,46 8,48 5,55 8,52 7,94 8,26 -4,53 5,46 -8,97 2,41 -2,28 -0,83 5,32 -1,01 5,36 8,00 7,17 2,86 0,68 -3,14 -2,74 -2,64 -6,10 2,70 0,47 -2,95 3,23 8,41 -0,57 -7,26 9,80 1,08 5,44 6,39 3,85 0,95 3,19 -2,68 2,25 7,52 -3,02 -9,90 -2,01 3,37 8,22 9,41 -3,20 -2,09 -0,15 1,57 2,51 -0,05 4,43 5,57 2,40 9,77 5,73 -9,43 1,57 -1,70 -7,55 7,79 3,22 -2,51 -5,09 -7,87 -9,49 6,69 -6,42 -0,70 -8,17 2,48 7,82 -3,88 5,91 0,27 2,55 -7,49 -2,73 -7,04 7,64 -2,55 4,90 3,87 6,00 0,58 7,34 -7,26 -0,89 -0,37 -4,69 0,97 8,34 6,04 1,30 3,07 -0,80 6,33 0,33 6,63 422,58 
-9,89 6,31 -7,55 9,20 -9,30 4,42 -6,55 1,72 -3,30 4,47 3,36 6,35 -5,96 -7,20 3,76 2,37 8,79 -8,82 8,86 2,71 4,63 7,73 -0,89 8,90 -8,22 -9,60 -3,16 -0,56 3,54 -7,75 -6,24 7,18 5,10 9,53 6,91 2,48 -2,25 2,12 -0,37 8,41 6,44 -7,20 -9,61 1,20 0,78 4,25 -3,98 -1,54 -9,44 -6,72 0,87 5,86 -0,96 3,91 9,05 4,92 -1,15 8,70 6,49 6,35 -8,89 7,98 1,78 -1,23 -3,61 6,29 2,73 -5,90 8,72 5,48 -3,33 1,65 8,95 -6,27 -5,73 -9,80 -3,91 -1,97 6,48 -2,02 -9,97 -8,03 -7,35 6,48 0,36 -3,53 5,59 -5,06 -0,83 3,83 4,46 4,13 8,32 8,63 1,37 -8,76 0,08 1,32 -4,62 -3,49 199,18 
5,50 5,68 2,84 1,83 4,65 3,86 -8,57 4,22 2,90 6,51 -5,24 2,59 -7,52 -6,25 8,29 -8,74 7,37 -9,96 5,11 -7,68 5,24 -2,58 8,25 3,75 0,84 6,59 -2,02 1,94 2,55 -9,02 -7,80 -5,44 5,75 -3,75 0,97 0,15 1,22 8,32 -3,54 0,10 -8,52 -1,38 -9,53 -5,73 8,87 2,73 2,55 6,96 -9,92 1,84 9,91 0,04 9,72 -0,73 -0,19 -5,39 0,06 2,23 8,62 -9,87 4,87 7,37 0,11 -2,72 9,65 5,11 -3,95 -8,68 -3,03 0,57 -8,79 3,92 -5,05 -3,08 -5,95 0,19 4,68 5,12 2,68 7,84 5,18 -4,44 -3,22 0,60 -3,40 2,68 2,68 -8,81 1,50 1,17 6,73 7,88 -6,50 -9,79 -8,36 -5,61 9,25 -6,50 2,92 3,79 194,14 
5,00 7,17 2,48 -3,06 8,46 -7,79 -5,75 -5,75 8,43 -1,45 -6,56 4,10 -7,05 -0,86 1,28 2,24 -4,24 6,01 7,69 -2,87 -5,35 4,70 -7,94 6,32 -4,36 -0,11 9,07 -1,24 -2,32 -0,26 1,06 -7,83 2,48 -5,27 8,30 -3,47 7,44 4,27 1,97 4,94 -5,08 -4,63 -1,07 4,60 0,21 -8,21 9,18 1,25 7,43 -5,37 1,91 0,19 -9,53 3,90 2,76 -4,05 -2,09 -5,44 -8,74 -5,06 0,37 -1,07 1,93 4,17 -2,05 -4,20 -4,09 -0,11 -2,26 -7,89 1,79 6,88 -4,50 2,53 2,61 5,89 -5,80 -3,58 -5,50 -7,15 2,39 0,69 2,67 2,05 8,09 2,28 6,00 1,40 1,36 -2,12 -8,42 1,19 -5,79 -9,99 4,12 -0,59 -8,29 -8,85 -8,66 5,08 -181,06 
6,47 -0,73 8,85 8,18 -4,63 -8,52 -9,52 -0,22 3,73 4,93 0,70 8,32 3,12 4,49 9,41 -8,48 0,03 2,13 9,80 7,72 -0,55 -9,63 -7,71 6,79 -2,99 -0,93 7,18 -5,90 1,61 -9,89 1,76 -8,33 -6,52 2,86 -0,54 -5,93 9,28 -7,52 1,44 -4,97 -6,53 -1,91 4,40 -8,46 -7,09 3,61 -5,85 8,50 -3,35 -9,49 9,11 8,53 -5,59 -7,56 3,25 5,38 -8,73 -4,48 3,90 4,97 1,93 5,62 2,21 6,28 -4,17 -9,77 -5,50 -7,74 -5,74 2,59 0,59 -8,52 9,84 -1,44 -6,32 -8,88 -7,64 -0,06 7,88 5,61 9,62 2,75 -4,71 7,26 8,00 -0,54 6,56 4,03 6,58 4,15 3,79 7,03 3,46 -0,65 9,21 2,90 -6,72 -0,88 -5,95 -3,84 317,87 
-7,12 -6,99 -9,97 7,63 -4,49 -3,32 -6,09 -1,61 4,79 -6,25 -2,00 -3,46 3,73 9,86 8,82 6,44 -5,23 6,19 -6,25 -9,56 0,34 9,94 2,89 -2,32 5,38 6,38 -1,77 -8,66 -0,21 4,22 0,26 6,26 -4,35 -6,80 3,42 -1,19 -5,21 -0,63 -6,85 8,29 9,57 -9,39 9,57 -6,69 -4,09 9,21 8,20 -3,63 8,16 1,11 -9,80 -8,68 1,71 4,40 4,90 -2,02 3,52 8,08 -1,40 -2,10 0,35 -2,22 0,42 0,12 -2,99 -8,93 2,67 5,43 0,86 -0,01 -7,58 -9,92 -6,78 0,20 1,56 -2,00 -8,20 9,10 -9,83 6,78 -0,89 -9,82 9,56 7,04 -6,99 5,90 -8,55 -6,57 8,00 3,96 -2,85 -9,09 6,38 3,68 9,58 -1,90 -9,67 -9,84 6,24 -5,63 -243,71 
-1,38 6,87 -9,30 -2,45 1,29 0,83 -9,13 -4,38 8,47 0,90 -4,10 4,22 7,68 -1,75 -8,31 -2,26 7,89 -4,48 6,25 -7,21 1,90 0,75 8,09 -4,82 -2,73 6,80 4,68 -9,90 -3,35 9,54 5,30 9,19 6,26 -0,46 9,99 3,13 2,78 -7,07 4,72 3,59 3,50 0,79 -0,54 4,26 -2,17 -1,27 9,18 -5,88 -1,44 -4,93 -9,12 -5,94 -5,81 -1,25 8,40 3,45 -3,58 -8,41 9,07 1,64 -6,23 -6,28 -1,39 5,24 9,60 -3,82 3,34 2,71 -3,96 -9,83 -8,94 -5,76 -9,65 5,13 -1,12 9,25 -3,84 -5,60 -4,98 -9,29 4,04 2,32 3,20 8,76 3,47 8,50 9,70 -0,52 5,20 -4,27 -0,16 3,45 -9,49 -6,62 1,16 -5,59 6,85 3,62 6,26 -8,50 57,94 
7,24 -0,85 8,01 5,25 -7,96 4,56 -6,05 -9,34 -6,64 5,89 -1,93 8,57 -4,51 4,92 -1,99 -7,17 -3,31 1,74 5,97 2,93 -1,26 -5,59 -7,19 -7,06 8,59 -6,12 -2,87 2,23 -8,08 4,87 -0,20 -3,17 4,95 7,67 -6,96 -1,69 -1,48 1,57 -7,11 -0,69 4,88 6,19 -2,87 3,28 -1,39 9,46 -0,32 3,13 -0,98 9,21 -5,86 1,75 -5,86 6,57 -3,88 8,23 -3,49 5,41 9,94 -6,19 2,85 5,53 1,28 4,43 7,96 2,89 3,40 -7,16 -7,86 -6,83 -3,60 -3,35 1,36 -5,50 -4,80 4,21 9,19 3,83 4,43 2,19 7,87 2,56 7,49 2,68 -9,47 -8,18 -1,34 2,58 -8,42 6,90 6,35 -2,90 1,78 5,99 4,14 -0,51 7,82 2,61 7,06 8,67 428,85 
2,40 -9,15 5,75 -3,64 2,69 7,74 5,88 -5,09 -8,89 -2,10 -3,44 0,03 0,59 -8,13 -6,35 9,14 2,78 -2,99 5,79 -3,35 -6,55 6,91 8,95 8,98 -9,57 -8,44 4,64 6,47 -7,36 -9,26 9,89 0,75 6,32 3,97 -0,66 6,13 -6,89 4,86 -6,85 3,20 -7,39 -6,97 6,97 7,32 6,47 -9,98 -1,44 -3,14 -3,28 -6,21 6,49 6,29 -4,19 -8,33 1,71 5,47 4,75 -1,12 -6,34 -6,32 -4,75 -3,54 1,90 3,24 5,52 5,59 5,86 0,21 8,14 7,81 -1,86 -3,93 1,17 -4,58 4,22 -7,86 -9,97 9,62 -4,53 8,84 -9,79 -7,77 8,65 6,64 9,92 -8,80 6,88 -2,49 0,97 -2,45 -5,76 -5,97 6,11 -0,70 -7,61 -9,33 4,59 7,98 5,34 6,18 102,20 
3,82 0,66 -3,68 4,37 -9,03 -6,70 9,17 -5,04 -5,10 7,52 -7,59 3,72 -9,80 0,62 6,32 -3,15 -3,27 -9,37 -8,06 0,37 4,89 -0,05 -1,40 -1,97 -1,49 6,12 -8,22 8,78 1,24 -9,25 3,13 5,95 -8,79 2,60 8,34 -0,72 -8,90 -5,36 -7,20 1,70 8,86 1,45 -3,39 -2,58 -4,66 0,12 0,42 4,16 -8,26 8,71 0,16 2,24 -5,71 -9,64 -1,61 -1,12 9,41 5,01 -4,38 1,24 -6,01 4,72 9,44 3,31 1,79 3,02 -4,24 -4,73 -3,78 -4,74 7,94 8,16 0,55 -6,43 -4,22 9,07 -7,64 9,56 -6,78 -0,80 6,58 -7,80 1,30 3,03 -1,25 -8,81 6,21 5,89 4,83 -1,51 4,70 4,93 -2,37 3,65 -4,34 -8,74 9,20 -4,60 0,60 -4,05 -293,90 
1,76 -5,58 -9,37 3,75 2,17 1,61 -3,91 0,11 9,84 6,84 9,14 -2,21 -5,55 -0,13 1,64 9,92 5,68 0,69 6,90 -0,59 5,63 1,96 -4,84 5,39 -2,24 -4,58 -3,94 3,81 -0,96 9,39 0,33 1,57 -5,18 6,89 8,34 6,52 4,72 8,74 -7,82 -7,80 -8,92 -7,23 -2,31 -7,85 5,75 -2,39 -4,09 9,23 3,82 2,51 1,44 3,46 -2,53 7,46 -2,33 9,46 -1,72 4,35 4,16 0,17 -3,68 -2,88 -2,38 -8,63 -3,85 0,04 -2,21 -6,31 -5,53 7,56 -6,13 -4,21 -5,72 -7,34 -0,28 -1,88 3,46 -0,72 -1,94 4,81 7,06 -4,02 -6,71 9,53 -7,53 0,71 -2,02 9,46 -2,25 5,68 6,98 8,06 -6,06 -1,11 -8,42 7,22 -7,36 0,30 -6,92 -6,20 140,71 
1,50 2,80 -5,29 -3,73 3,71 5,16 -4,39 -4,61 2,73 7,41 8,44 2,82 5,85 0,80 5,43 -9,29 5,78 -2,02 7,22 2,58 2,18 8,45 -4,33 -9,43 -1,50 -5,78 -9,01 -6,16 -1,58 -0,70 6,28 7,19 3,40 8,05 2,55 -8,20 6,33 -1,25 -6,59 6,03 -2,26 3,17 3,22 -7,95 -3,84 -7,44 1,76 -8,23 -5,97 9,72 1,45 -0,44 3,57 -9,55 -4,38 0,67 2,91 2,33 -4,11 6,16 4,14 -3,26 -7,52 -1,27 -6,05 -1,32 -8,72 -9,65 -7,07 6,07 2,68 -6,38 -1,94 -9,83 -0,71 -6,13 8,60 5,66 0,66 2,11 4,16 9,68 5,93 -3,86 -9,42 -6,47 5,49 -9,75 4,76 6,11 3,08 -8,82 -4,12 2,68 -8,25 7,74 -9,59 -7,39 4,11 -5,87 6,91 
7,59 -8,46 -0,56 -8,84 -4,18 -8,59 -5,42 8,62 -3,92 2,23 6,03 3,16 6,11 9,19 -7,71 -7,80 6,21 -9,36 -2,62 -3,17 -7,40 -1,49 -9,02 -4,71 0,77 7,37 9,55 -7,94 -6,63 -1,90 2,56 3,51 8,48 0,18 8,65 9,23 4,90 8,82 9,14 -2,66 8,71 -1,85 -2,66 -2,04 -3,07 -0,04 3,38 1,56 -6,87 -6,87 1,34 -7,25 8,55 8,96 -2,59 -5,16 -6,34 2,80 -0,49 -3,24 -0,40 -2,23 -8,69 4,04 8,05 1,70 9,19 -7,83 9,32 -2,28 5,08 -3,41 7,58 -9,83 6,96 -0,60 -6,09 -5,90 3,58 -9,08 -8,99 -0,55 4,34 -9,14 -7,04 -5,32 0,18 -3,24 8,05 2,38 -8,84 1,32 8,94 0,09 -3,32 7,23 3,84 -4,00 1,71 8,25 -146,59 
-7,40 -7,92 3,89 2,47 -7,90 9,75 -1,46 -0,49 3,71 -8,95 -3,09 4,52 -3,45 2,92 -5,47 2,35 -3,78 -1,82 -1,58 8,51 4,15 0,55 3,12 5,90 -0,17 0,88 2,01 7,50 2,09 -1,61 -1,44 -8,37 -4,05 2,14 -6,60 7,77 -8,57 0,92 8,15 2,64 8,25 -0,71 -1,60 -7,99 -8,40 -4,10 6,37 1,83 4,94 5,30 -1,96 0,82 -9,04 3,41 0,93 -4,60 2,97 4,88 -1,83 -7,85 9,97 1,68 -7,82 8,35 -9,09 9,61 9,53 -9,94 -5,33 0,77 -5,54 -2,45 5,49 2,21 -0,12 6,51 -3,59 -2,20 -0,56 -3,68 2,40 -7,37 3,33 7,98 -2,52 -1,61 -8,55 -0,32 9,32 5,06 -1,18 6,53 5,70 4,30 8,05 -0,71 1,86 -9,52 -6,03 -0,10 -17,32 
7,68 7,10 4,56 -5,87 2,85 8,39 -8,14 -5,08 9,99 2,18 -0,17 4,34 6,36 6,61 0,44 2,42 -8,18 0,71 -6,88 -0,77 2,27 6,79 -7,94 -1,38 -1,56 -8,82 -0,62 -7,51 -5,66 -2,42 -0,16 -4,10 -2,39 -5,21 -8,23 -1,32 1,04 1,72 -6,34 3,09 9,87 8,50 -0,13 -4,46 -5,21 -8,71 5,98 -1,81 -5,82 -3,85 -8,58 1,43 -4,99 4,20 -0,60 -6,88 -4,67 1,43 3,96 9,51 6,79 -2,53 -7,33 8,24 8,70 -4,96 -0,14 -2,38 -4,22 -0,12 0,05 -0,79 2,15 -6,32 4,89 2,24 -7,67 9,67 -0,34 8,56 -3,02 -1,90 1,60 6,80 -5,80 8,37 -7,72 8,93 0,69 8,78 5,05 2,55 -3,45 0,53 6,82 -1,39 9,97 2,64 6,67 6,29 209,68 
-3,60 4,12 8,32 -1,02 -8,14 6,30 -2,79 1,41 2,08 7,03 0,68 -3,33 -0,79 5,86 3,92 4,95 4,08 2,24 -0,45 2,25 5,33 -2,77 -3,14 -5,83 -9,28 -1,92 -1,18 -8,57 7,06 2,78 -8,06 3,37 9,51 -8,31 3,69 -1,12 2,58 -8,15 -2,82 8,74 -7,94 4,04 -4,44 7,49 -8,34 6,76 4,64 0,40 -2,29 7,26 -3,23 5,54 -8,77 -1,49 -3,46 -7,42 -6,62 -5,85 7,61 1,00 8,26 -4,81 -3,23 2,13 7,00 -1,97 -7,63 0,05 -5,10 -7,69 9,02 6,14 -4,73 1,89 2,27 9,41 -1,94 -7,91 -6,28 0,36 -8,83 6,89 7,67 9,30 -7,82 -1,26 -5,99 1,69 -4,59 9,43 -6,22 7,54 0,81 -9,61 3,40 -5,27 -9,86 4,07 -6,57 5,69 -456,16 
7,03 2,59 -7,41 -2,33 -2,89 4,94 -5,42 -9,89 2,85 -4,47 -3,49 9,21 7,01 -1,71 4,64 -1,36 -1,07 4,81 4,27 3,95 -6,76 -2,64 0,20 -2,66 9,06 -0,97 9,48 1,53 8,13 7,42 3,72 7,34 -8,44 1,80 -0,38 9,05 2,02 -3,92 -2,43 -1,35 9,45 5,50 2,91 -6,37 -4,89 1,44 -9,41 5,12 1,76 0,60 -9,21 7,06 -3,68 8,63 2,89 5,74 -4,20 -6,91 8,30 -8,27 -4,11 -7,13 -1,42 8,41 -0,74 -3,51 3,76 6,90 -1,41 2,20 0,35 -6,05 -8,34 -3,34 9,44 -2,48 -1,14 8,62 -5,06 -5,42 3,65 8,29 -3,04 -5,15 5,03 -4,61 -6,82 -6,94 0,58 -5,84 2,57 9,95 -1,84 -8,34 9,25 4,32 9,41 6,81 -1,27 5,70 212,94 
-7,66 -0,03 5,31 8,31 -9,64 5,35 -3,69 8,85 1,91 9,06 -8,99 7,23 -4,55 5,31 -8,17 -9,41 6,59 8,25 9,62 -4,43 -3,70 2,70 9,68 -7,42 -5,03 8,19 -2,76 -0,57 2,26 -1,95 1,63 -4,44 -4,61 1,77 7,53 -5,52 1,36 -3,11 -5,82 5,30 -3,58 -4,09 7,66 -1,87 -2,89 -9,55 6,16 -0,94 6,82 4,52 1,84 8,08 4,71 9,90 -4,22 2,96 8,46 -7,03 -7,90 -6,03 7,94 4,29 -3,17 5,77 -0,51 -1,18 5,71 3,27 7,85 3,90 -0,63 -1,29 -6,62 -9,54 4,40 -6,08 2,03 3,28 1,76 5,70 8,33 8,09 1,70 4,62 6,57 -8,17 9,40 -6,24 -7,95 3,91 6,05 6,43 -9,83 -6,79 0,93 0,12 7,32 -9,65 -5,91 -9,29 304,08 
-7,39 9,67 -8,89 5,34 -5,27 -6,46 -5,47 -8,70 7,45 3,05 -6,90 -6,47 -8,88 6,25 1,76 9,24 -6,81 2,33 2,13 -6,03 3,68 1,33 -4,77 3,02 0,29 -6,23 1,41 4,37 -7,35 -2,55 9,73 -1,43 -3,86 -8,31 -0,02 7,80 8,37 8,62 9,23 0,04 1,79 0,86 9,80 6,93 -7,28 -7,30 2,49 8,60 1,87 6,84 6,97 2,78 2,06 4,26 9,22 -1,40 0,22 -7,98 -9,72 -0,01 -2,06 -8,41 7,01 4,51 7,52 2,34 -1,07 -1,99 -6,02 1,80 3,51 9,00 2,75 -1,41 4,09 -2,83 -8,93 9,44 -7,77 -0,34 8,05 6,37 3,89 -6,93 1,05 8,34 9,18 -5,67 -9,07 -4,47 4,40 -6,01 8,12 -6,30 7,89 1,16 -9,85 -9,99 -6,92 -8,53 154,86 
7,27 -9,75 6,14 2,84 -8,84 -0,44 2,92 -5,15 6,08 -5,26 -7,26 4,00 -4,06 -6,14 4,72 8,19 -4,01 -2,47 -6,80 -2,60 0,08 -2,21 -4,70 -1,15 5,63 -6,10 9,30 -1,61 7,58 3,63 6,82 -8,13 3,83 -2,01 -3,60 4,68 7,95 9,27 -3,21 -0,41 7,86 -6,58 0,75 8,37 -0,17 -7,21 -3,48 0,50 -6,92 0,52 0,01 -1,12 -5,94 -2,58 -5,40 -0,97 3,69 -6,80 0,85 -7,39 0,76 0,59 2,23 -7,62 -4,70 -8,40 -2,87 -3,65 3,86 0,46 4,87 2,98 5,00 -4,95 -9,40 -0,35 8,98 1,60 5,47 -7,86 -4,18 -7,42 6,51 1,97 9,81 1,09 -4,21 -4,27 -8,06 -7,82 -5,15 -4,02 -9,88 -1,44 0,91 4,32 6,76 5,33 1,49 2,76 -226,20 
5,46 9,57 -0,04 -4,57 4,30 2,57 8,84 0,16 -2,77 -2,35 -0,14 6,02 -7,86 4,40 -3,57 2,55 6,66 0,39 -6,71 -4,19 6,14 8,32 -7,52 7,58 -7,25 0,50 2,29 3,71 6,42 -8,84 -0,66 -9,49 3,96 8,07 7,45 5,63 -7,83 8,76 -9,27 -8,11 -2,44 -3,43 2,75 -4,93 5,37 -8,57 -8,33 -1,94 9,94 -1,86 -3,75 -8,88 -4,15 9,59 0,16 -0,32 7,31 -3,90 -9,22 5,49 7,17 -9,37 -6,64 4,04 -2,87 2,39 -6,75 3,98 -1,82 -6,90 7,43 -7,70 -3,12 -4,51 9,85 -7,04 -0,67 -1,72 -3,91 -1,14 -8,70 -0,87 -6,50 6,67 -1,50 5,29 -5,70 0,12 -1,13 -9,87 0,89 2,85 -8,15 3,40 -5,22 0,27 -5,88 -4,10 -7,88 -5,42 -359,27 
0,30 6,88 -5,44 0,26 -1,27 5,68 3,48 -6,43 -3,96 3,36 -6,10 -3,49 9,95 -0,61 3,95 0,93 -7,47 4,90 5,15 8,95 -0,04 6,56 2,10 -0,18 8,65 -6,66 4,40 4,38 7,50 -6,23 -0,55 1,39 -8,50 8,15 1,68 -5,96 -8,47 6,99 9,25 -3,71 -4,79 3,08 5,71 -0,34 1,40 -9,61 8,01 -9,37 5,03 5,00 5,28 -5,27 3,24 -2,11 3,86 -3,98 3,63 4,30 0,22 6,24 -1,72 0,70 8,65 -8,81 -0,92 8,11 -8,45 -6,33 -6,81 7,88 -3,13 1,83 3,68 7,12 1,63 -6,81 9,62 -7,90 -1,08 -2,99 -6,92 -3,66 0,47 -5,35 4,69 -2,20 0,15 -2,22 -5,24 -2,67 -0,75 -8,44 3,33 -1,90 -4,81 6,86 9,15 1,18 1,62 -3,17 273,51 
0,80 1,55 -2,07 -7,62 7,24 -4,16 -9,55 2,83 8,48 6,75 1,28 -9,60 8,98 2,83 -3,86 -8,58 3,90 -9,90 -6,13 -6,89 5,21 -7,92 -3,26 -8,02 -7,21 -1,39 9,90 -5,92 -4,42 3,24 7,15 8,94 -1,01 9,13 -3,41 4,17 1,74 -5,48 1,27 4,36 -2,95 -7,05 0,05 6,85 5,67 3,67 -3,01 1,67 -6,01 -3,00 2,51 -4,97 -3,35 6,37 -9,51 -5,91 0,48 -8,76 -2,66 -3,55 9,88 -6,68 9,59 -3,60 4,16 -8,81 -8,06 -9,11 0,12 4,29 9,81 -9,80 -3,26 1,40 -7,44 -9,93 2,84 -9,99 4,92 6,84 -5,81 3,66 1,29 -2,67 6,92 -1,57 4,29 -9,06 -2,40 3,59 4,29 2,55 -7,60 -0,88 7,42 2,88 4,96 -4,77 2,48 -3,58 -247,46 
7,58 -9,32 5,02 6,55 4,44 -4,74 -9,89 -8,70 -2,73 4,60 5,51 8,92 -1,02 5,42 7,71 -8,00 6,03 -3,24 2,03 0,27 -7,25 -3,58 3,14 -6,03 -5,28 3,26 0,34 -2,94 4,44 -1,11 4,46 -7,13 -0,52 7,70 5,00 -2,87 -6,18 -8,65 5,46 9,57 6,14 -3,73 -8,46 6,46 9,50 2,64 -3,62 -6,67 0,03 2,81 6,63 -0,67 -4,92 -3,76 4,40 -4,68 7,74 -5,81 -3,49 6,64 -9,94 5,50 7,64 3,40 -4,06 -2,11 -8,09 9,81 8,02 -4,27 -1,78 -6,76 -6,94 -4,45 -8,52 1,68 5,72 7,33 -6,97 -6,31 -9,81 -0,85 9,45 -9,99 4,53 -1,88 9,82 -0,99 -8,04 2,10 3,52 6,03 -1,67 -7,90 -9,89 -1,59 -2,98 7,13 -0,59 -8,44 229,98 
-4,95 -8,91 -1,35 8,28 -3,67 0,06 -4,18 -4,45 1,21 8,33 -2,72 3,97 -1,16 -1,19 -0,43 9,45 5,70 4,91 -2,56 5,55 -3,47 -9,86 -1,68 -6,48 -0,92 -9,00 -0,45 -8,79 -1,15 9,91 -5,04 7,21 -8,33 1,22 -9,52 -1,41 -3,48 -8,55 -4,79 -5,23 4,21 7,86 -9,98 2,04 4,03 6,84 7,40 2,32 2,84 -1,68 -1,91 -0,54 -1,09 -4,01 8,71 7,17 -4,81 3,63 0,82 -8,13 4,44 0,02 -4,34 4,55 7,15 9,98 -9,95 -2,76 3,26 9,00 7,10 1,83 -3,34 0,52 0,48 7,34 -2,83 2,59 -8,59 7,32 7,19 6,68 3,25 -5,11 -8,18 -5,22 6,72 2,99 -2,68 -4,06 -4,50 -7,74 2,13 3,68 6,33 1,60 -4,65 1,64 2,56 -7,89 -14,96 
2,92 -1,03 -6,17 5,29 -0,42 -9,60 3,26 -8,69 -2,66 9,50 3,20 -9,50 1,77 -9,89 -7,88 -8,00 -2,24 9,02 2,97 2,96 9,07 -8,11 0,48 -5,52 -1,71 7,13 -4,19 -0,24 -5,33 -1,37 -9,16 -5,54 -6,06 -2,26 5,74 9,54 -7,37 -5,81 0,72 -7,67 -6,55 5,98 -5,28 -4,01 -4,14 -7,92 -7,99 -2,09 -5,89 0,32 -0,52 0,09 8,30 -7,23 -5,55 4,74 2,31 -4,30 -7,42 1,20 7,22 2,79 -1,45 1,39 2,69 8,77 -3,00 0,14 2,22 3,38 0,92 7,80 -8,64 -0,80 5,60 7,48 2,01 -1,08 1,61 6,13 -1,33 -8,53 0,86 7,59 5,67 9,41 -0,33 -5,46 1,41 -3,76 -8,54 7,44 4,62 1,34 6,71 -6,40 9,29 -3,53 2,77 -6,87 -260,09 
-9,25 8,58 1,20 -6,96 -8,38 -2,70 6,88 2,06 -6,76 -1,76 2,66 -8,49 9,66 8,14 -3,41 6,66 0,22 1,95 4,21 -6,79 -0,22 9,90 0,39 7,72 6,09 6,27 5,88 -4,73 1,09 -7,90 -6,07 5,33 8,14 5,53 8,02 -8,19 -0,68 1,91 6,99 7,22 -9,76 8,82 -0,98 7,95 9,85 -9,85 -6,96 -0,62 -4,16 9,22 -3,96 4,93 -2,40 3,38 -9,14 5,31 -2,86 -6,28 9,36 -6,23 -1,50 1,12 8,15 -2,43 7,35 -4,52 8,20 -3,77 -7,04 -8,27 -5,46 -4,25 6,53 -3,18 7,42 6,63 2,45 -7,12 7,99 -0,53 -3,79 -0,16 1,17 -2,05 -1,31 5,82 7,99 -6,99 2,52 3,75 -5,16 8,50 -3,86 2,77 -0,94 -0,87 -6,50 -7,61 6,35 -7,66 48,72 
-2,63 1,26 -8,10 8,38 3,79 9,50 9,01 -9,96 3,08 3,34 0,92 7,29 -7,19 -0,77 -3,53 -1,01 0,76 3,78 -6,42 -7,12 3,16 -2,68 -4,72 -3,47 -0,34 3,27 4,82 7,53 -2,89 6,65 -3,60 1,19 4,43 6,65 -4,74 -3,68 -4,37 9,04 -9,07 8,68 0,55 4,44 5,33 -5,08 -3,31 -6,43 -4,82 -0,86 4,16 6,97 0,26 2,05 2,77 -5,16 1,22 3,68 -3,13 7,41 4,92 0,85 -7,11 8,69 -2,73 -7,17 5,24 -5,04 -5,24 5,58 -4,89 -8,62 -7,49 -7,96 4,77 2,01 4,97 1,35 -7,84 9,15 8,73 -8,21 7,23 5,75 7,30 9,60 9,04 -1,57 5,43 -2,96 2,81 -5,82 6,79 -2,12 2,80 3,78 4,40 -7,25 8,76 7,05 8,54 6,18 439,33 
-1,40 -0,72 -5,91 -8,61 -9,40 -1,94 3,81 -8,23 -0,56 4,63 -1,48 -9,37 -9,15 -2,83 3,63 -8,80 -4,52 9,37 4,11 -6,83 -8,97 9,53 6,44 5,69 -5,42 0,11 -9,85 7,60 0,56 -0,30 0,01 7,14 -7,82 9,67 3,09 5,28 -4,20 -3,58 -3,94 -0,34 9,38 4,26 8,20 8,33 7,16 -4,27 -5,59 -4,82 2,06 5,48 5,94 7,37 -8,05 2,45 -9,87 3,22 5,21 -1,58 4,79 -7,95 0,10 -3,21 -1,80 -5,36 -2,19 9,11 5,14 6,80 -2,07 4,40 -0,37 -4,08 5,90 -7,00 -8,09 -5,60 -9,70 4,75 2,47 -4,08 -5,70 -7,40 10,00 7,71 -3,40 6,96 6,95 6,77 -9,19 -2,71 -9,58 -8,93 8,70 -0,43 1,51 6,30 -5,86 -5,38 -5,98 3,58 248,93 
-5,89 5,13 7,82 3,38 -7,61 6,13 3,45 -2,77 -2,97 2,09 4,77 -4,55 -1,86 7,85 1,76 -1,08 -2,59 7,40 4,76 -5,87 -7,33 -6,00 0,74 -2,68 -8,47 -5,17 3,96 -0,05 0,45 -2,23 -2,69 7,03 0,06 -0,46 4,32 -6,87 1,73 5,85 7,38 -8,04 5,97 5,97 -3,22 -6,30 5,86 -8,11 1,66 -9,43 -6,90 -6,66 -5,33 -3,60 -7,70 -6,60 8,74 1,93 -7,22 3,20 -1,07 5,01 -7,72 1,56 0,98 6,11 1,72 0,17 -6,79 -1,50 -5,58 -2,84 5,34 7,39 -9,08 -5,99 -3,38 7,14 8,83 -4,98 1,19 6,61 8,10 0,70 -2,76 -6,51 -5,88 9,38 7,04 2,18 4,40 3,60 -5,02 4,34 -7,28 5,30 -5,64 5,95 -6,76 -5,89 -3,55 -7,61 -23,23 
-8,61 -7,62 -5,53 -6,73 1,03 3,95 0,97 -8,56 -9,99 6,37 1,51 -1,11 7,40 -6,17 4,81 3,56 3,35 -3,42 7,47 -2,41 -2,90 1,34 9,45 -0,10 -7,10 -3,46 1,14 -3,48 -5,53 -8,24 8,70 0,44 -0,97 0,88 2,96 -9,78 -9,40 -5,38 -2,83 -6,84 9,20 -0,51 9,60 -3,44 -1,67 5,92 -3,87 8,97 0,02 8,86 6,85 -8,98 2,00 6,53 -3,95 0,03 -1,94 3,27 -7,08 -5,20 3,29 9,53 3,41 -3,09 3,76 -9,58 -2,42 -6,82 9,58 5,34 -8,55 4,27 -4,94 -3,81 7,04 -2,99 1,85 7,61 -2,36 -4,01 -5,88 1,10 9,98 -7,90 6,10 -5,53 6,57 2,08 -4,59 -4,52 3,90 1,95 -0,32 -7,02 -9,16 5,93 -5,82 8,05 -5,11 -9,20 -308,96 
-7,22 -3,47 7,77 -5,72 2,62 2,32 -6,15 9,51 -8,59 -0,32 7,50 -2,81 -6,74 -7,45 -3,79 -0,42 4,58 -8,70 9,66 1,63 5,00 -5,93 -3,45 -5,84 6,91 1,57 -7,88 7,45 -2,14 8,90 4,24 -4,71 9,15 3,33 -8,13 -5,25 -8,21 -1,92 -8,86 4,13 -0,16 4,12 0,57 -7,00 -9,05 1,10 7,91 -6,89 -7,56 -9,99 -3,71 6,37 -2,22 -7,74 -9,70 4,16 -7,85 6,92 4,02 1,52 -8,87 8,83 -4,21 8,81 7,74 0,94 -8,90 -8,01 2,30 2,00 3,02 5,01 -7,55 -7,68 -5,55 -4,36 8,82 -7,50 -6,46 4,04 2,67 3,28 -4,49 -3,88 -4,17 -5,42 4,45 -5,42 1,90 -4,41 -3,46 6,19 9,95 4,33 8,75 -6,57 -3,80 -7,64 -5,29 -2,33 -541,50 
-9,37 7,86 1,22 -2,50 -1,79 8,87 2,13 -6,44 -9,74 8,16 -6,12 -0,49 7,76 0,45 -8,26 -6,98 -0,39 -9,48 -3,10 -2,44 0,78 8,19 -4,45 8,85 0,31 2,25 -2,74 0,56 2,94 -2,12 8,35 6,95 7,61 6,76 -7,23 -8,88 8,50 -3,41 8,17 0,05 5,22 -6,74 5,54 5,59 -4,64 6,21 -0,17 1,69 2,46 6,40 -5,41 7,50 2,98 -6,04 -5,35 -2,82 0,72 0,28 2,90 -9,45 -0,33 -6,86 5,64 -8,51 -3,88 -2,55 4,93 -7,68 4,70 6,49 6,62 -7,79 -9,71 2,60 -0,98 -6,67 8,72 -4,73 -0,88 -2,86 7,41 -5,77 -6,40 -4,58 -7,31 0,53 -4,41 0,48 -9,14 2,28 2,19 2,51 -9,09 -3,63 -7,48 4,19 -9,18 -3,94 4,80 7,61 -148,43 
-2,81 -2,38 1,80 2,40 -4,00 6,73 3,32 9,46 -9,74 -2,96 6,27 -2,66 -8,94 8,49 2,15 -3,66 -1,14 -5,87 -6,30 -7,79 -3,82 -3,51 -3,07 4,89 6,97 3,41 3,90 -4,55 9,43 1,42 2,93 5,97 -6,90 7,10 0,04 -0,20 -9,71 -5,02 -1,24 -6,99 -8,34 -5,78 5,30 6,54 -1,44 1,14 -5,78 -2,08 -8,35 -5,13 0,72 5,21 2,88 0,73 -4,48 8,69 6,69 5,52 7,25 1,62 6,52 -7,86 -7,57 6,71 6,14 -9,07 9,90 -8,39 -7,77 -3,94 5,80 1,65 -3,72 -7,84 -1,17 2,08 -1,96 1,46 -8,35 8,00 -2,08 -3,07 7,84 -0,14 5,54 2,21 -7,70 4,96 -4,58 -0,94 5,48 7,09 -4,85 -7,60 -8,26 -8,03 -0,47 2,75 6,61 -1,26 -512,29 
-6,16 3,59 1,26 5,75 7,21 -7,21 -0,46 -5,41 4,95 9,96 9,90 0,92 -7,11 9,37 5,60 5,81 -9,94 -2,60 -5,90 -1,37 2,89 4,99 1,05 -5,77 8,11 -9,35 2,41 4,56 3,59 0,33 6,09 -0,45 1,58 3,18 -7,20 -5,22 6,86 -5,76 -5,56 0,39 -4,90 -2,70 -5,45 -4,23 7,06 7,45 4,09 -1,52 -2,59 7,67 -2,54 -0,87 0,36 4,22 -0,58 9,25 -1,44 7,58 -4,54 -9,08 -8,02 6,40 -3,24 4,09 0,34 -3,80 6,90 -1,76 7,95 -1,30 5,24 5,47 1,79 0,19 -1,05 -4,87 -1,26 3,81 -1,66 9,42 -4,38 -3,97 -3,55 -5,97 -6,47 -2,51 -0,06 4,65 4,01 7,64 -2,96 8,85 7,56 -0,60 -9,78 -9,86 -3,33 3,67 7,05 8,25 -49,52 
-4,56 6,52 -8,36 -3,21 4,41 -7,36 -4,97 5,10 6,34 -2,78 -8,05 2,71 -8,19 -8,37 8,27 -4,05 4,04 -1,57 0,80 3,75 -6,82 -9,44 9,02 1,48 -1,78 3,38 -6,39 7,09 -0,05 -0,71 3,76 -2,51 7,04 9,59 -5,74 7,56 6,57 -9,78 8,75 -1,22 -7,59 1,88 -9,44 -0,27 -3,19 2,40 -4,26 8,33 5,31 0,50 -1,05 -7,12 -0,99 -4,83 -3,92 -5,41 -7,96 9,63 4,35 -2,67 6,75 -7,51 9,76 4,34 -0,46 1,63 -5,22 3,79 -1,09 -0,88 -3,45 4,50 -5,01 -2,64 0,34 -2,74 0,59 -6,64 -0,74 9,74 6,59 -9,79 8,20 -8,56 -1,29 3,54 -8,02 9,92 -5,06 -5,41 1,53 -6,06 -3,75 3,71 -8,04 -0,91 9,12 5,86 4,90 -6,10 67,07 
6,71 -5,43 5,86 -9,07 9,11 -1,93 -7,46 5,03 6,14 9,79 -6,04 -4,58 -6,27 4,46 6,77 4,75 0,11 -2,81 7,75 9,70 -5,01 -2,69 7,80 -8,13 6,74 -0,70 -6,65 -5,48 -1,94 -3,56 9,47 -8,00 -2,79 -4,06 9,78 1,94 -1,42 8,80 0,49 -0,36 4,11 -7,79 3,62 -3,05 -1,42 1,54 6,92 4,98 6,70 5,67 -4,97 9,05 6,26 7,02 -4,96 -8,95 7,29 -3,77 9,84 4,44 -3,86 1,72 -4,80 0,31 6,91 3,94 -7,27 0,09 -4,72 1,84 -4,74 -0,60 -8,00 -7,75 -2,04 3,48 7,74 -6,69 8,77 6,21 -6,84 -2,74 3,96 0,61 4,46 -3,32 5,90 -9,62 -7,36 -6,61 -0,53 -7,61 -8,26 7,53 -5,59 1,88 -0,30 0,64 5,07 9,58 400,91 
8,05 2,03 -0,75 8,18 -2,71 1,74 3,60 7,57 -8,09 -5,26 -7,26 8,24 -7,79 -2,81 -0,87 3,63 5,43 4,57 8,32 2,94 3,02 -3,20 -8,96 6,95 -5,25 -4,59 1,32 -8,00 -6,12 -6,02 -0,93 1,81 -1,34 -6,12 -5,81 4,40 -3,42 -5,53 -6,91 -1,23 4,48 -2,40 -2,74 4,10 -3,67 -6,95 0,81 6,91 -5,38 8,57 7,82 8,09 -2,19 2,06 2,76 8,51 1,09 5,84 5,19 -1,55 5,60 7,36 5,05 -1,75 -4,90 -5,49 2,35 9,16 6,01 -7,13 8,08 6,45 8,49 -7,61 2,25 0,66 -6,08 -1,28 -7,34 1,18 3,25 7,69 -5,39 4,22 -1,51 7,92 3,21 -2,77 3,43 -8,31 -1,40 1,77 -7,02 2,58 -1,55 -3,37 -8,52 -5,52 -8,27 -7,19 83,98 
4,13 0,33 -5,83 8,81 -5,19 -8,40 -6,36 -4,36 -5,21 -3,41 9,63 -6,16 -0,43 6,65 -4,33 -7,99 7,31 -5,75 2,82 -8,27 -7,64 -4,60 5,46 5,76 -2,56 -6,56 4,94 -6,99 5,39 0,53 4,25 5,68 7,84 -7,98 -5,34 5,96 -5,55 -8,33 -6,78 7,24 6,18 -7,44 2,07 7,12 2,54 3,27 1,58 -0,08 -5,68 2,19 9,23 -3,51 -9,03 -6,10 2,73 -7,74 8,00 -3,62 6,68 -3,82 5,64 -9,11 2,81 8,37 8,83 0,26 5,87 1,81 2,35 -4,24 -9,61 -8,08 5,81 2,66 -1,48 -6,06 8,60 7,24 8,44 -5,65 6,65 -9,32 0,35 -2,28 -6,16 3,03 0,13 -0,85 0,23 -1,18 -6,78 2,52 4,73 -5,10 4,47 -1,10 7,30 -2,80 -7,23 -1,61 -101,33 
4,46 -7,71 9,18 -3,78 -4,68 0,87 -6,83 -2,42 -2,29 -1,94 -5,77 -3,66 7,48 -5,88 -5,81 -7,20 9,99 -6,16 5,96 -6,83 7,68 -9,46 5,36 2,85 1,48 8,91 -5,70 3,78 5,40 -9,65 -9,96 2,80 -4,74 -5,89 7,68 5,91 9,64 7,28 6,47 -8,38 -0,51 4,18 8,53 0,28 9,99 -0,81 -9,71 -6,66 4,11 5,30 -2,96 8,25 8,53 -2,40 -9,36 1,34 0,83 -4,54 3,84 -3,82 2,29 6,21 4,37 6,72 -6,33 6,46 5,30 -7,48 1,51 0,11 7,98 -3,73 -4,16 7,04 -4,76 1,08 7,09 4,22 -9,65 -0,03 0,89 9,65 -9,45 8,49 -1,85 -4,63 -9,21 4,11 6,40 -6,94 -3,90 6,00 -5,76 6,97 -3,33 6,11 -2,40 1,92 6,23 4,90 361,03 
3,33 3,79 -5,47 -5,33 6,13 -0,66 -4,01 -7,33 -3,31 0,70 7,05 -6,23 -8,65 -4,75 -3,71 -4,46 6,49 9,66 -0,56 -1,68 7,68 -4,98 -2,29 3,81 5,55 -3,14 -3,84 3,47 -4,44 8,14 5,11 -0,10 3,77 0,80 9,48 6,08 1,51 6,08 0,14 1,12 4,54 0,06 3,75 0,57 4,76 -1,29 6,45 -6,92 2,96 -4,14 6,08 -0,94 -6,99 -4,87 -2,50 -7,16 3,14 5,21 2,43 -5,20 4,00 2,12 -9,30 -7,89 -1,06 7,13 4,38 8,50 5,07 -7,02 -3,52 -4,48 1,76 -0,42 -9,90 4,96 9,77 0,69 -6,56 -3,56 -2,99 3,26 -2,24 9,07 -1,21 9,15 7,62 1,66 -3,24 5,36 -9,32 6,55 2,90 4,06 -1,77 -3,51 -2,11 6,41 -8,35 7,94 500,07 
0,91 -4,75 7,72 -7,44 3,94 8,65 -8,16 -6,43 7,43 2,35 4,85 -9,80 -2,11 -2,32 6,17 -4,66 -3,16 6,10 4,82 -4,23 -1,85 4,74 -6,37 2,48 6,89 -8,67 9,62 5,34 -2,16 7,60 0,85 -0,22 -9,36 0,90 5,53 -0,02 5,03 -3,31 9,16 -8,94 -5,83 -7,73 -1,14 2,19 -9,97 9,40 7,58 0,82 7,75 4,76 -6,77 0,18 -5,93 -0,67 3,83 -9,19 7,88 0,71 -3,28 7,86 -9,60 -1,41 -2,68 8,96 -6,13 3,34 9,43 3,20 -0,07 4,84 -3,29 -3,54 4,34 6,19 9,37 9,60 -3,55 4,16 -0,65 5,35 -7,83 -0,35 -4,90 6,83 9,63 8,71 0,86 -1,65 -9,50 9,83 1,43 -9,73 -1,26 -0,27 -3,54 -7,45 -8,65 0,01 1,50 -3,79 218,00 
-5,33 8,19 3,73 -1,83 1,67 7,53 5,95 -7,04 -8,22 -7,78 1,01 3,07 4,83 -5,32 9,64 -8,40 2,19 4,55 -4,88 -1,77 -1,29 -9,66 6,51 2,17 3,03 -6,98 -2,16 0,04 -4,67 5,78 7,70 8,28 -7,63 2,87 5,78 -7,79 9,86 6,33 -6,28 -7,23 1,64 9,06 -2,77 -5,11 -9,03 -0,78 -2,55 -7,54 2,39 -0,92 -4,64 2,53 6,27 6,10 5,89 -2,40 -0,82 -6,97 3,91 -8,20 8,06 -7,34 -1,58 -0,61 -7,75 -5,31 7,53 -2,84 9,18 -3,07 4,36 -4,82 5,53 1,63 -0,53 -0,33 4,63 3,53 5,33 -8,14 4,62 4,23 -2,17 2,87 -7,00 9,97 3,81 -7,44 6,85 -9,20 1,05 -6,03 -6,81 1,07 2,40 -8,94 -2,87 8,65 6,74 -9,30 268,17 
9,14 6,96 0,65 -8,33 -0,30 -7,25 1,50 3,81 4,55 3,56 0,84 4,69 -1,55 6,22 8,42 8,40 5,15 -8,84 -8,84 -2,94 -6,32 -0,69 -0,40 -0,43 -8,36 8,90 2,70 6,24 -3,23 4,89 -9,07 7,15 -0,35 -5,51 -3,03 4,79 7,49 0,32 -2,61 7,43 -9,87 7,08 0,92 -3,06 -8,39 5,38 -7,77 -2,93 -9,53 3,12 2,12 2,31 -9,45 -9,72 3,66 -0,83 7,05 -7,24 0,22 10,00 -7,77 -4,46 -2,59 9,08 2,43 -5,96 6,00 2,03 -5,09 8,50 -7,66 -7,42 9,11 0,01 6,19 -7,68 3,78 -3,36 -6,31 -5,83 7,54 1,47 -1,19 -1,02 3,82 -2,57 -5,20 3,44 8,81 -3,89 9,28 5,73 3,95 -8,11 3,53 8,90 2,87 -3,38 -2,94 3,73 -31,51 
0,69 -4,40 9,55 -4,13 -2,15 7,04 -2,77 -0,24 2,27 -1,18 8,83 0,23 5,24 -0,40 4,55 -1,09 2,08 -8,99 -2,40 -5,10 8,17 -7,90 6,57 9,52 -6,68 6,24 8,39 8,25 -1,88 -0,50 -6,61 2,12 7,57 -3,51 2,51 8,73 3,95 -1,15 -0,86 4,76 3,37 -0,38 -9,76 7,00 0,72 3,14 1,78 -0,78 -0,06 1,29 3,53 -1,73 2,37 -7,52 -6,35 4,45 -1,26 0,61 7,28 6,63 8,20 -4,44 -2,80 3,41 8,47 3,17 -9,37 2,08 2,89 8,69 0,30 4,19 2,24 4,02 2,72 -9,57 6,07 -2,82 -4,46 4,47 0,15 -1,95 -8,22 -6,32 -7,76 1,12 -0,03 5,99 5,54 -3,37 3,61 -9,78 -0,90 -5,01 2,14 -0,87 2,39 -7,72 8,90 -0,62 520,34 
-8,98 -4,86 7,99 3,36 -6,96 -2,54 -4,01 -4,57 -2,79 -4,85 -2,65 7,72 5,10 -5,05 -5,37 -1,46 3,47 6,13 -5,22 1,41 6,09 8,54 -4,99 -1,29 2,14 9,94 5,05 -0,64 -9,13 -4,77 8,16 -4,35 6,68 4,87 2,25 -3,44 -7,44 -9,57 4,75 3,30 5,69 3,56 -2,07 -2,57 -7,14 6,17 -3,67 -1,51 -7,19 0,98 -9,18 7,97 -3,53 0,85 -0,49 2,66 -5,95 -1,74 -4,91 5,21 6,71 -7,60 -4,90 1,87 7,47 -5,43 9,11 -2,84 -0,86 2,60 6,98 8,98 0,19 8,14 6,96 -7,99 -7,43 6,02 9,67 9,29 -8,31 5,01 1,63 -5,27 -1,89 -6,99 -9,14 6,60 7,92 -1,41 4,32 -9,67 6,67 -8,71 4,98 7,48 -7,20 1,85 -5,47 -9,55 -251,30 
8,79 3,46 -8,35 -4,89 8,23 2,82 3,56 0,57 0,92 2,62 -8,34 -2,36 -3,15 1,49 2,07 6,32 7,21 -4,15 4,79 -8,64 -0,91 3,83 -9,60 5,51 2,19 -9,48 9,89 5,40 -3,10 -5,66 -4,21 -9,88 0,85 3,80 -0,76 8,28 7,56 -6,27 -9,29 0,34 1,52 -7,24 -1,17 -3,84 7,57 8,54 6,40 2,74 0,04 1,06 -2,13 2,11 -1,76 -9,96 8,39 7,27 4,05 -0,98 9,21 5,99 5,58 7,64 -6,19 8,72 -0,01 -0,37 7,73 -5,08 9,50 5,31 -2,61 -6,85 -2,62 -8,81 -6,88 2,85 -1,65 -3,11 8,08 8,81 -7,23 6,37 -9,15 1,41 3,88 0,79 -5,46 -6,79 -9,49 -0,89 3,21 9,07 9,69 1,50 -4,22 -6,19 4,46 5,19 5,52 -0,51 53,82 
0,26 7,84 8,48 -0,43 8,00 2,12 -9,58 9,49 -1,72 -2,97 8,59 9,49 7,74 -9,35 0,78 8,60 0,96 -8,03 1,66 0,17 -8,88 1,60 -0,42 -9,37 -1,33 -2,89 -3,83 5,78 1,14 5,68 -3,12 0,41 0,65 -0,07 -4,56 3,58 -8,01 4,51 9,51 9,41 -4,54 -1,69 -2,37 -7,38 7,50 8,08 -8,89 -8,32 6,51 6,57 -1,04 -2,47 5,25 4,36 5,28 8,91 3,25 9,12 -6,09 -8,89 -5,78 9,53 5,94 8,48 -9,30 2,98 3,00 -7,70 -6,22 -6,32 -1,36 2,89 8,76 -1,64 -1,15 -3,62 -8,49 -9,95 3,48 6,05 -4,47 3,72 1,12 -5,05 1,68 4,67 0,79 -1,64 5,67 -4,19 -7,23 -0,81 4,64 -9,60 -8,39 4,30 -4,39 2,99 2,95 -9,84 -86,09 
1,31 -9,91 -5,02 -3,59 -8,55 9,97 -2,73 -7,75 -6,81 -9,54 -0,29 -4,62 5,80 0,12 1,37 -0,64 -1,54 -3,72 1,23 -4,93 6,70 4,50 0,27 3,24 2,76 3,63 0,14 -7,14 -8,78 2,00 -8,74 -4,78 -9,38 -2,27 -3,99 -1,77 -4,50 -2,67 9,09 1,53 4,96 8,95 9,63 4,12 5,97 -7,54 -4,81 1,06 6,60 -0,98 -9,91 -3,35 7,47 9,95 3,48 -8,13 -3,88 -3,82 -1,29 0,67 3,69 1,60 -8,65 7,24 1,58 6,36 6,24 7,17 6,75 -1,53 -9,02 1,64 3,08 5,43 1,46 0,10 8,50 -8,35 -7,75 -2,74 -7,91 -2,96 6,98 9,36 6,97 5,58 -0,79 8,02 6,96 -1,31 -1,16 -3,40 -5,84 6,56 -9,43 9,30 2,11 6,03 2,66 6,37 233,82 
-5,29 9,23 -0,10 -6,40 -4,44 1,46 -1,84 -5,08 -9,44 -1,75 2,79 -4,78 -4,67 -3,04 2,22 -6,14 1,62 -8,74 -9,15 7,88 -4,22 0,59 6,10 0,01 -3,00 2,60 -1,42 8,02 1,58 9,54 -8,05 9,82 -2,59 7,29 5,08 -1,41 -9,94 2,16 -5,59 -8,38 -7,85 -1,77 -9,89 -4,86 -5,80 7,51 7,92 7,46 4,61 -6,77 7,73 -3,27 5,90 -8,70 -0,84 8,46 -3,13 -3,35 9,40 8,27 0,64 -6,80 9,58 -3,35 3,33 2,22 -7,74 9,10 6,73 5,11 -0,35 9,29 7,23 2,07 -0,63 7,72 9,50 -2,67 6,82 -9,68 9,90 0,15 -4,11 0,08 6,53 -4,39 -8,84 7,95 -1,91 1,68 4,02 -5,70 -9,11 -5,14 -7,90 9,27 6,45 4,47 3,10 7,28 337,27 
-5,97 7,57 6,79 -8,55 -2,96 -2,43 0,66 -1,45 5,56 8,10 -0,00 0,75 6,00 6,17 -2,32 -0,62 7,85 -2,16 -6,28 -2,65 3,76 -0,19 -8,98 4,97 -5,32 8,82 5,68 -2,14 4,39 -5,54 7,07 -1,60 -4,60 6,04 -0,22 3,14 -0,66 -2,05 5,32 6,33 5,55 1,05 9,92 -1,29 -4,41 -8,12 -7,81 -1,18 3,27 -6,08 -4,94 6,35 1,39 -6,00 8,79 8,15 -0,88 7,08 8,78 3,92 4,58 -8,05 -0,55 6,97 -6,34 -3,24 8,40 9,42 -0,61 -4,54 3,33 -1,55 -5,92 7,01 -3,37 -2,80 -7,91 -5,04 -4,39 6,09 -9,07 -8,66 -8,78 -2,77 -8,74 4,77 -2,30 -8,30 -5,78 5,85 -4,89 3,90 -8,11 -3,77 2,83 2,92 -6,67 -7,44 0,77 -9,54 56,75 
3,06 -9,79 3,79 -4,45 8,84 1,32 -9,63 -7,88 3,42 6,82 8,01 3,11 -7,00 -9,46 -9,42 -6,90 -2,47 -9,04 -6,76 -3,25 8,86 8,17 4,74 8,01 -0,68 4,77 -9,58 7,90 6,99 9,20 3,80 -6,23 -9,60 7,44 1,23 7,56 -5,99 6,98 -8,48 -7,53 -4,72 -10,00 2,47 -5,39 -3,67 -8,67 5,28 1,92 -6,91 5,75 7,68 -4,62 -8,56 -8,08 0,86 2,85 -0,74 2,44 0,07 -7,55 -2,85 0,51 7,75 0,84 -5,40 7,26 3,86 8,33 -0,17 3,60 -3,40 0,53 -9,79 8,94 2,11 4,80 1,42 0,49 9,60 -7,18 7,45 8,08 9,23 6,97 9,14 3,34 -8,86 -9,24 -9,87 9,62 -8,93 1,87 1,29 1,22 9,70 -9,81 -7,56 -1,17 0,02 6,48 362,08 
9,73 2,45 4,72 9,92 -7,97 7,58 -6,29 1,73 -5,87 -1,50 -2,26 1,81 7,45 6,48 -0,42 2,17 7,15 1,60 -6,24 0,24 0,41 0,71 -7,30 -6,39 -2,27 -8,00 7,83 -4,32 4,31 2,09 -7,72 -4,12 -0,89 -2,62 -7,85 -1,48 1,81 6,63 -0,91 6,30 -4,97 -8,83 0,27 -9,27 -3,60 -4,04 1,85 4,00 -3,29 -5,32 3,78 -8,95 5,24 -4,75 8,33 -2,22 -9,21 0,54 -2,00 -8,36 -0,27 4,52 2,39 3,59 -2,92 -3,41 1,55 9,33 -8,59 -1,35 1,78 6,11 -4,80 -3,23 2,22 7,65 -4,77 1,09 -8,18 -7,88 4,65 -0,31 4,40 -0,68 4,89 -6,61 -2,17 -0,14 3,66 0,23 -5,66 -0,12 -2,67 -1,85 7,83 -7,86 -1,11 7,73 -1,18 3,64 -342,41 
-6,66 -4,77 4,89 -5,28 6,81 -2,04 1,37 0,81 -9,35 -3,97 -1,24 0,87 2,23 2,82 -4,67 4,77 6,81 -1,02 5,37 3,52 -9,00 -6,15 4,03 -1,61 -3,51 5,52 -5,25 -8,78 2,66 1,73 2,10 5,27 1,45 -1,47 8,66 0,13 1,80 -7,06 2,60 -5,41 -6,01 -3,21 8,81 6,77 -8,87 -0,40 3,70 1,05 -1,88 -4,80 9,62 5,27 8,32 3,53 -3,50 1,74 -2,73 -0,82 5,51 7,94 -0,41 -5,51 -7,99 -2,65 -6,23 -6,85 3,00 -6,11 5,40 2,21 8,17 8,60 -3,01 5,87 4,06 1,55 2,53 1,25 -4,75 -5,72 3,12 1,92 -4,98 -3,73 -1,36 -9,51 7,43 7,55 7,36 -4,53 9,50 5,23 -9,37 9,96 -9,32 -5,62 -2,57 -6,86 0,42 1,31 -38,30 
0,22 -6,20 -7,21 -1,72 -0,94 -7,13 -0,67 3,80 -9,91 -7,28 4,22 1,93 1,72 -6,73 -2,50 -2,44 5,52 1,32 -3,18 -8,95 -1,62 -9,30 -1,77 -0,12 1,14 -4,80 6,72 1,37 -5,56 3,33 3,91 1,37 9,54 -5,01 -4,00 4,67 3,96 -6,20 -8,59 5,58 5,37 -5,86 -3,29 -9,89 -5,18 -0,07 1,25 -8,93 -6,09 -1,86 5,42 -1,62 -3,04 -9,75 -2,19 0,65 -1,21 -2,64 -4,57 7,47 -8,73 -9,72 6,87 0,85 7,69 -9,26 0,15 -6,18 -4,47 -1,43 -5,50 8,25 -0,30 -5,02 7,02 -1,49 2,72 3,44 -4,77 -7,41 -0,40 -7,58 0,75 -3,31 9,48 -5,40 0,88 5,04 4,07 -4,31 -9,47 6,93 3,70 2,46 9,83 5,98 -1,92 1,44 5,38 4,88 -713,92 
-6,35 9,71 -8,88 -8,68 7,78 -7,51 6,06 -4,59 2,99 -6,19 -1,92 0,42 -1,28 -3,91 -8,61 8,44 2,23 5,26 -1,27 1,08 1,14 -0,16 -8,80 0,37 9,59 -2,71 -9,18 3,97 -0,95 8,10 2,28 -6,17 1,56 -5,15 -3,78 0,55 7,59 -8,29 5,87 -1,83 8,86 0,69 7,14 4,46 4,42 -2,85 3,48 6,05 0,00 -9,30 6,30 8,16 6,67 -2,65 4,38 0,22 7,10 3,68 -2,76 -3,66 5,13 1,85 -9,72 9,98 5,31 1,92 -1,26 5,87 6,59 0,80 -8,41 8,98 4,59 0,56 -5,18 4,47 4,98 8,15 -3,34 6,01 8,92 -1,56 -2,82 -7,04 -6,34 -5,01 6,08 -2,06 2,37 8,47 -7,37 2,70 -3,12 8,26 -0,14 -4,23 4,67 -6,47 -2,50 1,70 312,24 
-9,46 6,79 -1,53 -7,95 -0,11 -6,79 -5,19 2,36 8,25 2,75 9,47 -8,60 3,52 0,07 9,13 2,27 3,84 0,95 0,53 7,93 -5,51 -3,40 3,26 -6,07 0,26 2,66 -5,55 9,24 5,64 -3,96 -3,50 7,07 4,74 -4,80 -0,70 9,24 7,56 7,03 9,20 -4,44 9,37 -3,60 2,46 -2,41 3,69 -8,58 0,71 2,34 0,23 0,67 -9,83 6,79 8,94 -1,81 0,39 -1,18 -3,50 -1,80 -7,39 -7,85 -3,74 3,88 5,57 -5,09 -1,32 2,25 8,47 9,11 5,13 -2,75 -0,08 -2,77 7,23 8,97 -9,64 5,52 2,59 -4,93 9,09 2,49 -1,15 7,86 -5,31 7,05 0,37 3,42 1,78 4,30 -7,92 -5,42 5,13 6,47 -3,02 0,05 -6,37 -5,23 -0,17 -6,23 6,32 -6,18 620,56 
-3,01 -9,47 3,90 5,50 7,40 3,02 8,65 5,03 0,58 -1,28 -8,89 -5,29 -6,94 -2,90 1,36 -6,09 5,52 4,20 8,61 -3,48 9,87 2,68 8,72 1,83 -8,61 9,79 6,65 -0,87 -6,46 7,81 -4,14 2,72 6,62 5,01 -1,66 1,15 -9,24 2,82 -2,39 -9,94 -0,06 1,06 -8,02 -3,78 -0,53 -7,17 -4,25 1,95 5,67 -1,72 2,38 2,95 1,75 8,49 9,71 -8,66 7,70 7,38 -7,72 -6,95 7,11 5,14 -2,20 5,42 2,10 -0,72 -5,47 1,80 -2,01 -2,73 -0,23 2,26 6,39 7,64 -6,05 2,46 -8,27 -3,53 1,04 2,01 4,76 -0,99 -8,86 3,88 -3,29 4,68 -6,31 -3,11 -4,00 -6,76 4,47 2,85 8,58 9,99 0,69 -0,77 -8,99 0,72 -4,16 -0,23 144,42 
-5,18 1,17 -0,55 -1,56 9,65 9,85 5,77 0,87 8,55 7,86 3,45 3,81 -1,39 5,86 -9,05 6,68 4,53 1,14 -7,15 -7,04 -0,71 8,51 9,12 5,55 -0,05 -3,13 -1,78 -0,01 5,09 4,13 -3,22 6,10 7,76 4,80 9,49 7,71 -2,51 -9,18 2,86 4,90 3,24 -6,81 1,90 -2,90 0,41 0,89 1,97 -9,67 5,37 -1,75 8,79 -8,10 -6,94 -6,09 -0,66 7,83 6,97 3,14 -9,24 -8,67 -8,68 -5,39 4,29 -5,91 -1,82 5,01 1,04 -7,08 -9,00 3,75 8,76 0,80 -7,12 6,66 -4,41 -2,73 9,34 8,78 -4,46 -9,25 -6,68 0,22 2,15 -0,66 -2,58 -6,31 4,89 6,78 9,97 4,02 0,55 5,61 2,81 -7,48 -8,96 2,03 -5,02 1,87 -3,46 -6,91 140,50 
9,27 -4,05 -1,69 -6,88 -9,99 -8,25 -5,75 -1,71 4,44 -8,19 -2,80 6,48 8,09 -0,88 2,61 -2,51 -6,73 9,07 0,14 -7,47 -4,07 -6,35 -6,62 -6,72 6,93 3,19 1,98 -5,67 7,29 0,42 6,87 -3,16 5,32 -5,48 0,86 7,90 6,75 -3,15 -1,43 2,21 -1,57 -7,20 -1,28 5,10 7,31 9,24 8,93 -2,47 -4,50 1,37 3,73 6,82 3,30 7,07 -4,00 -8,11 0,70 -9,45 8,97 8,71 6,62 -4,36 -7,26 -6,53 2,73 -2,54 -8,81 -7,15 -0,30 5,87 -1,85 -6,73 -6,71 7,24 -2,74 -6,06 -6,09 -7,52 -6,02 -3,70 7,38 0,56 3,94 -2,66 -5,61 -2,95 4,63 3,94 5,02 9,60 3,45 9,56 8,93 -2,11 1,71 1,90 -3,37 -9,90 -6,93 -1,27 -338,96 
-2,26 -7,28 -1,46 -6,14 1,26 -2,44 5,91 -3,38 7,78 -0,03 6,40 -7,94 2,04 1,87 -2,82 -2,98 -3,22 -2,64 8,16 3,77 5,30 8,66 8,35 7,94 -7,05 -0,25 9,90 -6,07 4,03 5,11 9,14 2,67 -6,59 4,09 -7,96 -4,88 -7,07 -9,64 -4,77 -6,60 1,46 -3,42 -5,52 -5,49 -2,59 5,18 -4,52 -0,40 3,20 2,40 1,77 -4,51 -2,01 -6,69 -6,90 -3,57 3,79 9,38 6,96 8,78 6,11 8,21 -8,73 -4,77 -1,03 9,50 -6,51 8,39 6,12 -3,76 4,78 4,51 -7,73 6,87 -5,86 -6,09 1,37 6,05 -4,38 -6,79 -3,54 -0,42 2,57 1,90 -3,30 5,06 7,94 -3,87 4,11 7,32 -2,56 2,11 -1,21 -2,94 -3,41 -4,83 1,38 -10,00 -4,01 7,47 176,02 
-0,03 3,80 1,00 -5,50 -1,04 -7,05 4,76 -5,52 3,16 -6,01 -3,64 -3,15 9,44 -4,78 7,49 6,63 -5,06 0,81 0,67 5,56 1,46 4,68 1,31 -3,12 -7,75 4,81 3,43 -9,53 3,70 -3,26 -8,46 -4,80 -4,23 -4,24 -3,16 9,22 -3,65 -3,11 -1,15 -3,12 7,93 -7,09 -4,79 -9,60 -5,05 0,08 -5,78 -9,97 -3,01 -3,97 -3,75 -5,20 -3,08 -7,91 -9,45 4,95 -3,53 0,94 7,94 -8,23 -9,27 -2,19 8,23 8,48 -1,88 -7,05 -2,65 4,72 -6,21 6,44 -5,97 -5,07 6,99 5,68 -2,67 -0,68 -5,52 7,66 8,96 -3,96 2,16 2,86 -3,89 3,73 -9,57 4,58 2,81 -1,05 9,31 6,55 -4,53 -8,92 -7,46 0,12 6,51 7,68 2,49 9,11 6,38 0,12 -193,20 
9,88 -0,33 1,41 -8,48 -7,66 -0,53 -6,15 0,72 -4,38 4,49 3,37 1,27 8,41 -2,51 8,81 -9,86 3,40 -6,19 1,09 7,89 -8,31 3,34 6,82 -1,89 -1,44 -2,09 5,72 5,31 0,33 0,24 2,61 -8,56 5,17 4,59 3,95 -1,38 -1,46 0,11 -5,49 -4,48 -1,34 5,65 -0,28 9,49 7,41 -0,96 9,62 -7,51 1,66 -3,27 -3,41 0,94 6,73 -4,53 -5,38 6,05 1,72 7,33 -6,99 2,85 -7,47 -6,61 -3,65 5,75 2,21 -9,92 -6,19 3,42 0,68 -4,17 -0,41 -7,99 -5,35 -5,44 -8,44 5,08 -5,64 -8,62 -7,63 -2,14 -7,81 7,90 -0,12 -8,91 0,24 -1,69 -6,63 -3,00 -2,60 -7,78 -9,65 -2,10 -6,66 -4,81 0,49 3,92 -7,78 -7,33 -2,45 2,51 -441,17 
-8,47 4,60 -3,77 4,57 -8,12 -2,23 -4,28 -1,91 -8,75 -5,69 -0,54 1,00 -7,62 8,60 -6,01 1,41 -1,42 -8,36 -5,10 -3,75 -6,38 7,85 -5,78 9,18 -8,83 1,31 4,35 7,15 3,86 -7,27 -3,17 2,14 7,48 0,49 5,94 0,98 -2,86 -1,78 4,58 9,28 2,03 -2,48 -3,07 -2,42 4,09 -2,60 -9,63 -4,86 -3,22 5,39 3,67 -3,16 0,51 -0,26 4,81 -5,44 0,36 2,46 0,12 3,20 -2,81 3,75 -3,11 4,67 1,83 2,54 -4,84 8,90 3,50 4,30 6,71 4,59 -8,26 -7,85 -7,04 8,91 6,61 -0,55 4,07 -1,75 3,34 3,01 -7,10 7,07 2,55 2,97 -3,14 0,57 5,15 0,01 6,76 -6,85 4,10 -8,33 -8,33 -5,31 7,68 1,59 -6,61 6,51 -145,46 
9,18 0,13 1,39 -5,52 7,61 -0,54 -5,77 9,33 9,13 -8,47 3,94 -8,20 4,67 4,74 3,66 7,12 7,96 -2,35 -3,78 -2,69 -6,25 -7,16 9,57 -9,51 7,75 8,99 6,95 -2,03 -7,22 -6,57 -2,02 -5,23 -9,13 -9,02 -3,03 -6,87 -4,92 -8,64 7,96 -4,95 -2,46 -2,26 -3,63 -4,88 -6,60 8,01 9,97 -8,28 5,79 7,35 1,11 0,53 -2,39 0,05 -9,38 0,49 9,24 -8,83 8,68 6,20 -1,15 -6,56 -3,42 -6,82 -2,88 -8,09 2,51 -6,85 9,11 1,95 -6,00 4,43 5,69 -9,49 1,93 6,19 2,38 -6,50 3,97 -4,03 7,21 -9,95 5,54 -2,73 4,12 -9,83 -3,70 -4,52 -1,12 9,72 8,23 9,10 -4,65 -2,21 7,49 -5,45 0,82 -3,35 7,65 8,04 -271,81 
9,85 2,42 -3,66 2,80 1,64 -3,54 -7,88 2,82 -7,48 9,32 -1,03 4,32 -1,84 -6,59 3,38 9,14 4,74 -0,17 4,71 0,85 6,17 -5,83 7,38 -9,24 1,78 -1,39 -8,55 0,18 0,14 9,94 -6,06 7,87 6,48 7,56 8,16 9,37 -1,52 -5,26 -2,88 2,60 3,83 -1,88 8,32 -1,14 -7,02 5,87 6,59 -9,23 -0,90 -5,38 -9,21 8,74 -7,22 -1,96 0,95 5,50 -3,42 -4,05 7,59 -2,47 -1,10 5,92 5,65 3,69 -4,10 -1,89 1,74 9,53 3,60 6,84 -4,21 4,66 -5,10 3,56 2,24 6,84 -4,84 7,29 -7,67 -2,59 -8,00 3,88 5,50 4,40 8,47 1,88 1,48 -1,10 3,64 1,43 -1,97 4,00 8,65 -4,79 -7,65 -7,40 1,93 1,38 7,57 -5,59 439,68 
1,04 3,23 4,71 -1,93 7,97 7,12 -4,04 -0,11 2,11 -6,17 4,56 6,43 -5,26 -2,34 -2,12 -4,36 3,51 1,46 7,74 3,35 -9,56 4,41 -0,71 -9,60 -4,38 -1,51 7,09 -4,65 -8,89 5,87 -5,14 -1,49 3,77 5,80 -3,82 -6,99 -4,37 -4,84 8,67 -4,67 -8,08 9,66 -0,57 -5,23 -5,51 -5,26 -3,55 -0,34 4,88 -1,69 2,05 4,30 9,69 -6,25 0,55 0,43 -3,90 -7,32 5,93 -3,60 -1,39 4,57 -9,98 -6,49 -9,52 3,48 -4,86 6,13 9,64 -6,49 -1,72 -5,68 5,14 8,95 4,36 7,40 -4,77 -4,98 -7,81 0,50 -0,29 6,62 -1,32 -7,09 5,77 -4,49 -7,59 -2,37 -4,49 7,99 -3,67 8,31 -8,39 9,48 -2,86 2,79 8,93 -6,22 3,69 -6,88 314,43 
-1,70 3,99 9,52 -8,80 7,23 2,53 -4,95 -4,07 -6,48 -7,36 0,99 -2,18 -0,37 1,18 -6,94 -3,26 -3,00 -7,11 9,62 4,51 8,11 -0,94 -0,52 -1,62 8,59 -1,91 3,39 -2,11 9,74 5,91 -3,54 3,75 6,28 7,86 -7,48 -6,97 1,21 -5,68 -6,79 -4,84 5,53 7,84 -3,61 -1,06 -3,09 3,84 8,42 5,78 3,89 -8,03 -4,16 -2,96 4,84 5,75 8,07 -2,62 4,99 -6,90 -3,03 -6,20 5,15 -9,59 1,23 -7,34 2,98 0,41 1,51 -9,88 -6,04 -0,97 9,83 5,78 -6,94 3,04 -4,05 -1,78 -9,72 9,19 -5,89 2,92 0,42 -6,79 7,08 -4,74 1,55 3,51 -2,56 -3,75 1,51 0,76 2,51 -6,30 1,17 0,10 -9,61 -1,73 -7,38 -0,72 -7,67 1,15 -350,03 
4,82 -5,02 9,67 -4,31 -4,33 2,90 -3,74 4,99 7,44 5,40 6,25 -7,98 -9,85 -7,50 -6,93 6,99 -1,03 9,66 -5,62 2,40 7,03 6,54 -8,65 -6,57 8,20 -9,09 -1,30 5,26 4,18 6,33 -4,91 -8,20 4,64 -6,31 2,72 6,28 -3,08 8,28 -9,35 5,88 3,52 -1,56 8,27 9,79 -8,82 -2,08 -9,97 6,24 6,40 5,52 7,66 2,08 1,44 -2,55 -5,65 -6,41 1,61 -7,45 8,81 -9,56 6,19 6,72 6,08 -9,77 -9,37 9,15 -1,43 0,03 -3,25 9,14 -6,89 9,11 -6,13 -9,87 1,38 9,07 1,10 -2,73 -0,79 -2,97 -5,92 -3,49 8,61 8,26 -9,11 -8,84 -5,69 6,78 6,48 -8,08 -5,77 1,90 -4,45 3,57 1,97 -6,20 0,21 -8,77 -4,53 2,65 -28,02 
7,17 8,10 2,68 5,21 6,72 -7,78 -3,25 -5,57 3,73 -8,65 -3,62 -6,34 -3,11 0,78 1,44 3,62 4,46 6,75 4,09 5,44 -1,41 6,04 4,64 -5,97 -4,14 -2,71 -3,66 7,41 9,14 2,56 7,29 -3,15 6,83 -4,67 6,26 -3,42 -9,04 -4,95 1,22 -1,07 6,61 2,08 9,35 4,09 7,26 6,88 3,00 -8,03 4,82 6,43 3,74 6,15 6,44 1,13 5,58 5,82 -1,68 2,89 -7,91 -3,46 0,23 2,45 -6,92 -7,78 5,92 -4,84 0,24 5,97 -9,71 0,13 2,45 3,18 0,62 8,49 -3,15 2,69 9,26 -9,61 7,53 -7,97 -5,49 -7,35 4,04 6,78 -0,09 -7,81 1,64 8,22 -7,60 -6,27 -0,76 2,99 3,75 3,39 7,84 -2,49 -1,69 1,30 -2,04 8,86 525,59 
5,44 -2,88 -7,93 -4,97 -9,24 -6,13 7,81 2,61 -7,80 -4,78 -7,67 -0,62 2,02 6,89 9,21 -1,39 0,49 7,51 -5,30 -8,33 0,56 -5,71 -4,35 -4,16 8,22 2,98 2,19 7,30 -1,42 -9,05 2,50 3,95 1,82 5,27 -5,20 5,41 8,55 -9,78 -7,66 3,89 0,92 4,55 -8,01 7,45 4,76 -1,83 1,02 1,29 -5,56 -8,36 1,20 3,70 7,24 -3,75 1,81 3,46 -5,19 7,24 0,17 -7,87 -8,70 -1,64 6,50 7,67 8,74 -8,32 -4,90 -5,61 -0,78 -3,78 -8,28 -6,76 -7,89 -9,36 -6,18 2,43 -0,58 -7,96 -0,95 9,99 -7,41 -7,21 -0,22 1,51 3,21 -8,44 5,34 7,09 1,98 -7,52 5,63 -9,11 -4,44 -2,82 -0,40 -1,04 -7,39 8,44 6,14 5,96 -436,41 
-6,36 -9,33 -6,74 2,61 -6,49 -8,54 -6,48 9,76 -6,86 -2,62 6,74 7,09 5,73 9,18 -9,87 4,25 -9,85 0,81 2,54 -0,09 7,24 3,50 1,51 5,83 -7,57 8,73 1,47 -6,17 -3,85 8,70 -5,60 -8,96 -9,35 1,00 7,62 -0,04 -0,58 -4,51 1,04 6,23 2,68 -5,28 8,39 -6,18 5,32 -9,43 5,87 -8,60 -2,17 -9,25 -5,76 -8,16 4,31 -7,37 0,44 -5,46 0,43 5,64 4,17 4,28 4,31 -0,02 5,47 -3,02 1,43 -7,52 9,62 -1,18 -3,08 -5,63 -3,52 3,10 2,24 -1,11 8,54 -1,64 -2,74 2,43 -0,17 -2,76 -2,66 5,47 9,74 -7,17 7,51 -4,14 5,33 7,92 -4,02 8,11 8,39 0,04 -6,91 7,16 5,11 -1,96 9,34 -1,89 -7,82 3,15 -81,10 
9,25 2,72 0,39 -2,59 5,54 -2,59 -2,26 9,36 -7,03 3,58 0,09 -6,99 6,06 7,38 -2,32 -5,35 6,23 3,03 5,02 -7,42 -7,82 -2,76 -4,59 -7,46 -5,09 -4,70 1,61 5,40 -0,81 5,65 -6,72 -9,74 5,36 4,15 4,68 -3,88 -1,23 -4,08 1,28 6,48 9,57 8,17 -3,92 2,49 -0,18 3,61 -3,42 3,24 -1,89 -5,06 9,97 -1,47 -9,44 2,44 -0,83 -2,15 7,64 7,85 -4,00 4,91 3,92 -2,45 -8,78 8,31 -7,69 4,58 -7,33 -3,75 6,73 -4,47 -7,65 5,00 8,01 2,82 7,62 3,67 7,61 -4,88 -7,04 -6,23 -2,74 -1,75 -2,95 -1,89 -8,94 -6,02 6,79 5,11 -0,33 3,12 -6,39 1,06 4,98 -5,90 -3,76 6,82 6,91 -2,40 -1,02 -6,77 75,14 
0,54 2,72 -1,75 -4,39 -9,29 4,15 8,02 8,67 -3,51 -7,04 -1,57 -4,89 -1,54 9,91 9,80 2,88 -2,95 8,58 9,56 2,86 4,10 -3,90 4,77 -6,22 9,91 -6,64 -3,68 6,15 2,75 0,69 -1,60 0,02 1,85 -1,56 -9,75 8,09 -6,80 -0,02 -7,12 -3,22 4,25 -0,95 -3,18 -7,94 -1,04 7,62 5,25 1,19 3,42 7,20 -6,51 9,11 4,87 5,96 2,72 8,22 -4,02 3,71 -8,38 -2,48 -4,09 -6,89 2,04 7,44 -2,28 -4,07 5,55 9,04 -6,63 -8,01 2,80 -2,80 -2,17 4,03 7,36 2,94 2,37 6,36 -8,77 3,35 -6,15 7,20 9,99 -2,81 9,99 -7,73 -0,81 9,82 -5,32 -5,11 -6,86 -5,05 -9,39 6,10 -3,88 -8,69 -4,90 -8,31 -1,96 9,05 -25,68 
-7,91 6,32 0,76 8,21 1,17 -8,68 3,73 -9,67 1,25 -4,15 5,37 -4,99 -4,06 -3,90 -8,91 -7,69 6,24 -0,60 -4,82 -8,96 -6,31 2,72 9,18 3,92 2,39 -2,98 -1,27 7,65 5,48 5,01 6,53 -7,22 2,24 -2,10 -2,77 9,31 -8,43 -2,35 8,85 -1,21 -7,03 -4,98 6,59 -7,19 0,16 -4,89 2,31 8,23 4,45 3,96 7,81 4,93 -9,22 -6,36 -4,09 3,05 8,32 7,29 2,51 -5,41 -0,95 -3,16 6,55 2,20 7,26 -2,09 6,25 -2,22 -6,93 4,40 2,38 -7,69 9,66 -9,27 6,44 -4,92 5,23 7,83 -9,80 7,04 -5,76 0,25 0,85 5,26 9,75 -2,18 -7,32 -3,57 5,28 -8,09 4,17 -2,91 0,09 -8,73 -8,67 -3,48 9,30 0,70 0,01 4,76 -55,32 
4,14 -4,77 1,22 -7,76 9,39 0,52 -7,36 2,57 -5,30 8,72 -3,94 -8,75 -4,38 -4,80 7,70 -8,46 4,26 0,34 -5,48 -2,17 -6,11 1,56 -2,72 -8,08 1,46 -1,29 -7,81 6,61 0,11 0,44 1,45 5,25 1,50 9,37 6,97 -2,78 4,46 3,01 1,26 1,52 3,75 -5,72 -9,47 -5,30 2,07 -5,58 8,12 -7,62 -5,45 6,84 -0,67 -9,76 -5,57 -7,42 8,70 2,62 3,53 -3,71 0,51 7,32 -2,72 -9,76 -9,90 9,60 -0,05 -7,18 1,47 8,62 -1,52 -5,74 0,62 -4,80 3,24 3,41 4,57 -7,69 9,16 -7,90 -5,10 9,78 -1,55 -4,69 -0,76 5,28 -7,81 -9,03 8,43 -3,28 -2,04 9,83 7,72 -9,62 1,43 -3,25 1,37 1,72 6,87 4,18 5,49 -0,26 51,46 
3,97 7,45 4,58 -3,81 2,29 2,64 -8,91 9,16 -7,18 -8,85 0,79 -6,15 -3,92 -9,36 0,31 -9,77 -9,29 2,10 -8,28 2,76 -9,63 5,18 -2,00 -2,85 -0,82 -9,22 9,49 2,32 7,64 9,03 -5,66 4,02 3,15 7,74 -5,08 2,11 1,63 0,85 -3,72 -4,86 -8,05 6,77 6,26 8,10 8,18 3,37 -7,18 -5,51 2,00 7,03 6,46 5,15 -2,66 -5,63 -4,10 2,68 8,90 -9,67 -7,79 0,90 -0,08 5,45 4,49 2,49 -7,36 9,38 -8,04 1,29 5,25 -7,87 8,67 2,90 4,99 -0,52 -0,04 4,10 -3,79 -5,26 9,72 -5,51 -2,02 -9,91 7,32 0,96 0,24 9,13 -3,99 -1,01 -9,44 -7,68 -8,27 6,20 -3,43 -6,43 8,61 -7,17 -3,72 -6,74 4,63 -3,90 -37,09 
1,21 2,27 0,76 -1,90 9,90 3,63 0,45 -2,28 7,13 -7,79 -9,80 -8,05 -8,46 -7,09 3,28 6,75 0,51 -5,42 -1,26 9,87 -8,24 7,11 1,27 9,88 -8,85 5,15 -0,11 3,82 -7,91 -5,32 7,50 8,46 7,15 3,21 -0,07 -9,94 2,39 8,41 -6,73 -4,01 -3,01 0,31 6,29 1,57 7,76 -8,48 -9,18 4,22 -9,16 8,74 0,03 4,21 8,68 9,73 1,53 -8,51 -5,84 7,67 -6,12 5,46 -6,77 7,45 -7,07 1,52 5,50 2,78 7,42 -0,01 5,47 4,81 -3,95 -3,17 9,73 0,53 -4,37 4,58 8,26 4,35 4,28 4,02 5,15 8,58 -3,14 -8,72 -1,21 4,75 5,73 9,01 -9,62 2,39 -1,49 -8,12 8,71 -9,10 -2,92 1,84 3,51 3,86 8,99 -6,88 583,08 
-2,73 -9,32 6,66 -6,27 -2,54 -0,43 -5,44 5,90 0,28 -0,94 -6,70 9,01 8,69 3,38 -0,86 -3,51 -2,04 -5,66 -6,12 -2,21 4,48 -1,26 9,69 -4,22 7,00 -2,85 -5,14 -1,56 2,89 -8,50 2,82 -0,35 2,24 8,61 6,46 -8,44 -0,63 1,47 2,67 0,06 -6,35 9,52 -5,49 2,14 -6,38 2,34 8,99 3,75 -5,96 9,56 -5,54 -9,91 8,14 -7,72 -6,79 -8,73 0,91 -1,94 -0,76 -9,52 -4,27 -1,78 -2,20 0,07 -1,94 3,16 8,18 0,18 2,56 4,10 7,25 2,86 -6,98 4,19 5,16 3,92 8,67 0,08 -1,30 8,31 -8,10 3,74 8,77 -0,16 -2,01 6,46 3,73 2,94 9,71 0,52 -0,22 -1,59 -1,32 6,18 -1,04 6,73 1,70 -5,70 0,03 -9,94 366,74 
5,21 6,44 0,31 2,18 6,67 3,31 7,84 4,42 -4,43 9,51 -1,51 2,30 -0,00 4,79 5,03 -5,87 2,53 -9,88 -1,62 -1,00 -4,47 -4,98 -8,83 -3,14 -9,65 1,51 -6,08 4,67 -7,00 -9,58 -2,40 -7,56 1,16 7,30 -5,49 -8,91 -5,27 9,51 -7,84 -4,85 -7,92 -7,51 -9,59 -8,54 4,65 -4,96 -6,93 -1,82 8,42 -6,32 5,29 -4,06 -2,80 -1,46 8,38 8,46 5,38 5,25 -1,08 -1,02 -9,14 -2,00 0,52 -3,48 9,57 8,41 7,13 -3,17 -9,78 -3,39 -3,92 -3,72 -2,76 8,73 -7,51 3,03 -5,63 1,00 0,58 -4,85 -8,90 -5,10 10,00 -7,23 1,35 -4,42 -3,66 -2,43 -8,52 8,53 7,91 -6,19 -7,07 -7,11 -5,89 -8,82 -5,55 -0,92 9,24 0,64 -492,63 
1,39 -5,80 3,96 2,59 -8,33 -2,43 9,39 9,30 -5,42 0,30 -2,06 -2,51 7,91 -3,22 6,26 -4,13 -1,25 -1,42 9,09 -9,05 -5,97 2,46 9,47 0,88 -5,92 4,04 1,50 -1,23 2,96 -1,16 9,99 -4,16 -2,95 -3,82 7,22 -6,33 3,29 7,16 -1,07 -6,79 -7,78 9,52 -5,17 4,91 9,35 -8,92 -7,87 4,19 -1,29 9,00 -0,38 2,24 9,35 -0,13 -9,68 -4,52 6,96 4,77 5,85 -1,58 5,76 0,64 6,99 -5,46 -1,78 -5,29 9,19 -3,03 -1,34 8,70 4,11 -8,08 -9,21 0,48 -5,43 -5,03 8,19 6,91 -8,10 -7,63 -4,08 4,68 -6,24 -3,56 -2,46 -8,96 5,23 -0,10 4,31 -6,88 -0,73 -6,49 2,75 5,38 8,14 -2,10 2,77 7,02 -3,87 -8,38 92,19 
-4,22 -5,72 -9,17 0,12 -4,53 -8,51 -5,44 -2,19 2,64 -0,43 -9,03 3,13 9,98 -0,13 5,10 -2,06 3,54 8,71 4,35 0,53 3,20 -6,22 7,81 1,69 -0,85 9,36 3,22 4,67 -6,94 -1,66 -8,68 -9,74 6,95 -8,73 -3,85 4,40 -1,57 -8,19 6,45 -3,97 2,29 5,03 -9,05 -3,18 -3,88 -0,43 1,86 1,25 -7,26 9,90 7,44 1,38 4,77 4,44 -9,05 1,09 1,85 -7,40 1,08 9,07 -0,26 8,15 6,88 4,70 -0,24 6,81 9,87 1,08 9,96 -1,43 -1,28 -1,36 -7,18 -9,09 -3,58 2,19 -9,87 4,46 -9,77 -8,02 -1,35 -7,71 4,62 -5,10 -2,60 -6,39 -5,80 6,86 -7,60 2,13 7,51 9,09 7,82 -0,83 -2,52 -9,20 -5,23 -7,48 -4,78 2,01 -390,23 
-8,98 -2,92 -3,48 -2,33 2,91 6,16 -3,85 -2,24 -8,75 -1,52 2,19 -8,76 -3,05 -6,53 5,24 -1,65 -5,73 -2,42 1,84 -5,16 -8,70 0,34 -8,84 4,15 8,46 -2,15 -2,92 0,28 5,32 4,53 2,94 -7,77 -9,60 -8,05 -7,84 8,58 6,67 -4,00 8,95 -1,50 -3,35 -8,91 -9,56 -7,44 0,25 9,87 -4,23 -0,64 3,30 0,59 5,04 2,75 -1,69 3,53 -6,09 -7,18 4,61 4,07 -3,75 8,37 -0,35 8,89 1,07 -3,58 5,51 -8,12 -7,12 0,78 9,25 -5,38 -5,96 0,42 -6,79 5,83 6,29 -0,84 -2,34 0,84 -0,40 9,86 5,88 3,68 -2,95 9,49 9,68 -7,73 -4,89 7,82 -2,59 3,07 -1,55 -4,12 -7,95 -7,44 -3,06 9,21 -8,34 7,97 -0,13 -6,96 -438,88 
-8,12 -5,69 -3,31 -0,58 8,49 8,25 2,74 -5,83 -5,83 8,14 1,71 5,23 -8,27 6,18 7,12 1,52 1,47 7,60 5,99 5,66 -8,16 3,75 8,88 -4,87 7,10 -4,90 9,30 7,83 1,97 -1,02 -6,05 9,36 -6,32 2,26 2,26 1,18 3,10 0,06 7,21 3,65 9,66 2,57 -2,32 7,29 -9,01 -6,10 -1,16 0,39 -4,11 -9,72 -1,45 -8,80 -2,57 6,13 6,95 -5,62 -8,95 3,72 -5,41 8,77 -0,87 -6,62 0,07 4,52 2,48 -0,43 1,56 -8,36 7,27 -5,20 -3,03 -6,41 5,22 9,00 6,69 -9,05 1,41 -6,66 -7,71 2,94 4,06 -0,25 1,56 2,58 -3,79 1,51 0,85 -9,62 -9,87 -6,90 5,32 -9,27 7,63 -4,87 -5,30 -1,69 6,75 -1,42 -0,28 2,07 339,54 
9,25 6,06 5,60 0,50 -6,16 8,90 -5,54 -0,35 1,25 2,95 9,07 7,00 1,66 1,72 -7,32 3,43 8,22 2,05 2,21 3,51 1,69 8,95 3,87 0,12 4,55 3,76 6,02 -4,64 7,69 -6,96 3,80 5,71 6,35 -2,95 4,51 -2,17 -2,90 -8,34 -8,68 -3,57 -6,04 -8,33 -6,72 7,95 4,17 4,19 3,64 3,01 7,69 -8,93 -4,55 2,01 -4,20 9,72 -3,70 0,32 4,34 -3,70 7,12 1,66 5,18 -5,59 -7,94 -3,48 5,26 9,66 5,78 -0,15 6,80 6,51 -9,82 5,89 0,89 -5,83 4,56 1,09 2,30 5,56 8,23 7,51 6,81 -4,10 6,04 -7,23 4,87 -6,33 -1,67 5,62 -4,89 4,48 4,91 9,03 4,26 -5,85 -6,30 0,37 0,24 -0,27 -8,96 -0,33 302,98 
9,17 9,77 8,30 -2,97 -6,00 9,39 -0,98 4,78 5,17 6,29 -1,10 7,10 -5,73 -0,77 4,84 7,51 0,77 8,08 9,61 6,04 3,23 -9,55 4,22 -2,66 5,00 -1,10 -5,72 9,88 -4,09 -1,96 4,45 -7,56 -9,92 -6,16 2,64 9,00 -0,69 9,98 4,73 -9,47 -8,78 3,17 -9,73 -0,68 -3,18 7,45 2,02 0,83 -7,77 9,37 -4,52 7,30 -3,45 -2,73 6,74 -3,19 -3,32 1,23 -4,94 -4,46 -7,08 -9,05 -5,74 9,42 0,98 -5,49 -1,13 -8,29 -9,15 -1,61 -9,48 -7,50 -2,92 7,55 4,94 -0,71 4,88 0,65 -6,98 7,82 -1,91 5,59 -3,22 1,25 -3,87 2,27 5,65 9,29 -7,76 -5,96 1,39 -3,56 8,62 -3,15 -1,75 -7,19 9,43 -9,84 4,23 -3,29 138,25 
2,65 -2,21 2,33 8,76 -1,58 2,71 -2,43 -3,30 2,35 1,19 0,39 -9,34 -8,04 7,13 -6,31 -0,22 -8,22 7,31 1,64 4,36 7,26 5,10 1,20 4,49 -6,86 -4,40 4,17 8,76 -5,36 9,66 3,94 3,95 3,45 -4,43 -0,97 7,12 1,87 5,49 -4,90 8,51 7,00 -9,20 9,71 -3,56 0,65 6,22 6,64 -0,28 5,94 -1,73 -5,05 -1,54 4,93 -0,38 -7,27 -0,86 1,12 -8,88 4,89 -8,74 9,45 0,32 -5,08 -3,72 -5,30 1,26 -4,69 -2,75 -6,33 -7,26 -9,95 -5,79 -4,63 2,71 2,24 -7,72 1,96 -1,96 7,19 8,48 -6,60 -0,37 9,47 1,99 -2,73 4,13 0,63 -3,82 2,14 7,17 8,40 -0,51 5,29 -4,20 3,48 -6,79 -5,48 -1,60 -4,21 5,17 296,13 
-3,82 9,05 8,53 9,65 5,24 4,84 -0,69 -9,37 2,20 8,25 3,28 -9,06 3,40 2,62 1,50 -1,55 -2,25 -9,77 9,88 -0,92 5,26 9,00 4,31 -5,44 -1,41 3,28 -6,03 -1,92 -3,53 0,68 5,18 -2,23 3,78 5,99 9,18 -0,52 3,22 -4,69 -6,30 -2,21 7,16 9,73 4,30 -3,56 -0,78 -8,43 -1,87 -0,68 -6,28 8,92 3,82 -7,69 -1,32 9,07 4,80 -4,16 -8,07 7,20 7,77 7,64 -1,49 -0,33 0,63 9,79 -9,09 -6,01 2,79 -5,80 2,89 -6,86 4,52 -1,56 -7,95 -0,78 -9,78 -9,88 -1,15 1,66 -2,82 2,76 6,58 -0,37 -2,22 6,93 0,56 -8,95 2,25 4,82 -3,72 1,91 0,74 3,93 -0,85 4,22 -7,09 -7,33 -2,27 7,78 -3,18 -6,14 187,30 
-4,34 -4,53 8,18 4,25 -7,96 -2,51 4,90 -5,33 5,69 -5,86 -6,79 -5,66 -2,40 5,80 -9,82 0,67 -4,30 0,19 -1,79 3,58 -6,25 -3,72 9,87 5,35 -0,96 -2,89 9,54 -4,31 -0,26 2,91 8,16 1,83 -4,73 1,23 -3,25 8,28 2,05 2,70 0,41 -8,53 4,24 7,39 -1,37 -1,67 5,18 -7,20 -8,42 -9,84 9,41 3,51 3,93 1,98 3,91 3,97 0,72 -0,56 4,20 3,71 -0,14 2,35 -2,63 -7,42 6,47 -4,48 9,80 6,27 2,10 6,86 3,04 3,84 -1,98 -5,41 -9,38 -0,93 5,58 0,74 -4,10 -1,12 -2,18 6,66 0,79 9,12 -2,26 -6,53 -0,99 9,14 4,16 -3,37 -2,62 0,74 -5,78 -8,32 8,31 -7,46 -5,19 8,87 0,89 8,71 9,33 -2,16 381,22 
0,33 4,12 3,96 -3,96 -9,48 2,42 2,39 -2,02 7,60 -4,62 -1,04 -4,64 -6,51 3,20 1,12 5,34 -3,24 -1,47 -2,92 0,17 -1,25 9,43 9,36 -3,09 -5,70 4,27 2,93 9,91 -2,14 5,07 -5,14 -3,55 -5,80 6,43 2,50 3,14 -5,97 -4,29 -2,55 8,76 -5,99 8,02 -7,35 -1,40 -1,00 -5,48 -8,41 6,70 7,95 5,07 -5,13 8,81 3,01 -1,20 9,92 -1,28 1,38 3,44 3,64 9,97 3,21 -5,58 -1,19 -5,45 1,90 0,40 -3,17 0,50 -9,65 -8,17 -4,75 -1,50 9,91 -9,39 0,69 9,07 -0,89 3,01 -8,30 4,95 3,87 2,66 -9,69 -3,97 0,19 -2,99 6,53 -6,67 -2,21 3,39 -6,09 -1,19 2,21 -4,13 4,03 -9,72 7,04 2,41 7,95 -3,99 -75,81 
-1,08 -9,95 7,00 -4,57 9,86 5,76 -5,71 -7,45 -8,88 -4,99 -9,14 8,19 -5,70 -7,63 -8,64 3,94 -7,54 -6,56 0,96 8,58 5,94 8,13 4,03 -8,19 -4,09 6,81 -1,14 -7,66 -3,11 -8,61 6,62 2,50 -0,15 -2,16 4,34 0,97 -1,64 6,19 8,33 -4,86 -0,35 3,79 1,27 3,24 -8,48 -6,74 -1,35 -3,85 -2,00 -2,75 4,16 3,91 5,29 -9,25 1,99 5,83 -9,30 4,13 -4,35 6,54 -0,30 6,00 7,59 -0,50 9,70 8,84 -7,83 0,48 -2,78 -1,46 4,96 1,66 -7,87 7,07 -9,94 -2,56 -6,56 8,32 5,71 0,32 3,99 -5,67 1,50 0,15 -0,51 -2,21 1,76 7,24 7,87 -1,79 -5,95 -5,72 -4,10 -6,47 3,13 1,54 -8,21 7,71 -9,82 -6,17 58,32 
-5,01 5,65 9,95 -1,48 8,51 6,03 -8,26 -8,29 -2,42 0,88 1,19 2,62 -5,31 -1,64 1,86 4,12 5,39 1,84 -4,53 -6,99 -3,75 -5,19 2,28 7,35 9,56 8,82 -4,04 5,70 6,68 -4,76 -0,55 4,19 7,61 -4,40 6,17 5,18 -9,09 -4,86 -5,20 -8,36 0,07 7,39 -8,81 -5,25 8,62 -8,14 -5,43 1,53 1,82 -2,17 3,69 -4,55 -4,65 -2,49 -9,81 6,61 -7,76 3,88 8,68 6,06 4,51 6,24 -0,97 1,91 6,81 -4,91 -3,78 -2,41 -4,20 6,19 3,58 -9,62 8,34 9,87 3,04 6,90 3,60 -7,57 -5,34 -2,43 -7,73 -5,39 -3,31 -2,81 2,03 1,32 -8,88 -6,57 -9,52 -7,54 1,46 9,03 -9,58 -2,95 -6,89 9,31 6,14 2,81 -2,18 -5,97 -10,56 
-2,12 7,84 3,15 3,13 8,78 -9,67 0,61 0,95 4,63 -0,93 -8,10 7,42 3,58 5,23 -7,24 6,94 6,67 -4,16 9,83 -2,54 -1,31 -6,85 5,77 -3,62 7,35 -2,03 -9,45 8,80 -2,72 -0,64 -0,03 -3,81 3,54 -5,52 -3,71 6,42 3,34 -8,16 1,25 2,35 5,10 6,34 -7,79 -9,68 -2,27 -9,46 3,95 8,30 4,38 7,33 -6,82 1,09 8,40 4,12 6,22 4,76 -4,13 1,04 -6,81 -8,26 -4,63 3,18 8,60 3,75 8,20 -6,85 3,22 7,92 -6,73 -2,94 5,30 6,00 -3,30 7,49 9,05 7,84 -7,61 6,75 1,96 -8,68 7,19 8,55 -4,04 8,56 -0,27 -3,99 5,41 -5,47 9,38 9,45 2,17 -2,46 4,12 4,56 3,09 -5,83 -4,34 1,36 -5,98 8,37 388,15 
8,58 -4,55 -3,27 -1,51 4,99 6,96 -3,87 4,69 6,14 -2,68 0,97 9,66 4,88 8,29 -9,61 4,17 3,16 -8,56 0,03 2,98 -2,17 2,56 3,09 -7,77 1,91 2,02 7,28 -7,50 -5,99 -1,70 -5,88 4,36 0,27 8,74 -2,32 -9,45 -7,46 -9,39 7,14 6,65 7,58 0,14 -3,66 -2,16 1,80 9,56 1,90 2,71 4,98 -5,50 1,43 -3,83 6,70 -2,72 -7,06 -5,21 7,41 -1,53 -6,25 6,31 3,15 0,98 9,62 8,89 1,47 -9,19 4,63 -4,07 -0,27 -9,58 -6,07 9,13 8,61 8,86 3,11 -1,23 -4,10 -1,49 -3,41 1,80 -7,28 4,13 5,58 -2,93 -1,99 3,00 -8,40 -6,80 9,94 -0,13 2,26 -5,47 9,77 -1,22 -5,04 -4,09 -1,49 5,76 -2,69 -7,37 125,13 
-7,57 0,45 -8,28 -2,66 5,23 -9,28 0,95 0,98 -2,30 1,46 -7,26 8,70 -9,63 -4,61 7,44 1,50 -0,58 8,18 -1,41 0,28 -5,88 0,03 8,90 7,02 4,67 7,91 9,43 -0,90 0,26 -3,25 6,52 9,72 -7,00 -5,86 3,75 4,84 -8,53 -5,66 -1,14 -4,76 -4,18 0,88 -1,17 -1,68 1,03 5,03 -4,75 9,01 1,36 8,23 4,84 -7,05 -6,89 9,44 8,24 7,67 0,20 5,81 2,91 0,88 4,10 5,67 -7,76 1,88 0,25 -3,36 5,58 -3,19 -9,01 -3,42 -4,40 -5,53 -3,07 -9,59 -3,94 -1,01 3,75 -1,59 6,23 -4,06 1,58 -9,04 2,64 -8,54 3,98 5,23 6,30 2,42 3,82 -0,72 -1,88 5,10 -1,19 1,00 -5,76 -3,43 0,14 -1,82 -4,47 -3,67 -284,22 
-4,28 -5,77 8,29 -1,35 6,45 -3,96 -9,51 -4,51 4,22 -6,70 -9,21 9,17 -2,85 -5,60 -6,00 5,85 2,71 2,26 -1,56 0,82 7,53 -2,54 -7,41 5,08 1,79 -1,49 -0,49 -2,72 9,36 -8,86 2,06 0,20 5,34 4,59 -8,05 1,18 -9,91 3,52 3,61 -2,59 6,25 0,20 -1,66 -4,56 6,28 2,61 -1,65 7,70 4,20 4,53 -1,74 -0,91 -0,13 -4,36 -3,77 -0,77 -8,15 4,40 7,40 -3,23 5,80 3,28 7,99 -9,82 -6,23 -0,55 2,98 5,77 -1,50 1,31 -7,85 7,97 -1,47 8,48 -3,61 -5,83 1,80 -7,37 1,53 1,71 -7,24 -3,06 3,65 5,90 7,35 2,71 -1,97 0,68 9,18 -8,39 9,23 1,32 -9,47 7,29 -5,83 -8,83 -2,27 7,53 -3,58 8,83 227,64 
1,39 2,79 6,40 -4,94 1,92 -6,69 -3,05 0,66 6,41 -0,12 -8,62 -4,01 6,33 -5,56 -1,28 -8,52 -4,80 -3,98 -3,31 8,99 4,80 -0,21 9,67 0,54 6,06 -3,68 -2,70 4,65 1,68 -6,23 4,26 3,33 1,87 -8,46 -0,23 3,09 9,98 -8,88 1,19 9,35 -6,74 6,75 4,20 -2,18 0,72 -2,79 7,00 -8,08 8,82 -1,91 -7,98 4,81 5,13 7,09 4,00 -7,29 -2,01 2,79 7,78 8,52 5,73 2,10 -6,84 -8,06 2,75 5,06 -3,83 0,81 -0,43 -1,23 2,14 4,38 -0,53 8,90 -1,30 6,48 9,37 -6,76 0,96 -5,20 -0,14 -1,25 3,75 -8,45 9,21 -9,56 1,58 2,97 -6,28 -4,49 -4,53 -4,04 -2,33 2,51 -9,59 -9,28 7,07 -0,39 9,54 3,13 102,41 
9,79 -3,25 2,01 3,90 2,31 -6,41 9,46 -4,39 6,94 -5,64 -3,63 -9,26 -5,40 2,57 -9,62 -9,78 -8,69 9,71 5,30 -7,56 3,71 -9,90 -1,75 6,54 -8,16 -8,16 -6,99 -2,72 2,19 -6,83 4,34 9,34 -7,87 1,95 2,43 -4,18 -8,18 -7,20 5,84 -3,57 5,77 -0,41 -6,54 -3,54 -1,56 3,17 9,54 3,70 -1,01 -0,11 -2,92 9,63 4,87 -8,11 8,40 8,22 4,20 -3,77 -5,20 0,63 -1,23 8,42 -4,26 5,00 6,54 4,07 3,51 -5,94 -4,65 -9,47 7,50 -7,97 -8,77 -8,33 6,09 3,04 8,08 -9,09 1,23 7,59 -7,48 8,09 5,33 -7,85 7,71 -2,70 -7,23 4,15 -9,79 3,02 -8,06 9,10 -9,80 6,63 1,25 -3,68 -0,74 -1,34 -1,13 9,71 -57,12 
