8,38 1,14 5,52 -4,87 -9,80 2,42 0,40 0,86 -9,78 6,99 1,50 8,88 2,85 6,93 -0,07 79,05 
-5,72 4,91 1,91 5,26 9,87 9,38 -1,64 9,60 -6,46 -0,59 9,95 1,15 -8,03 9,76 8,82 337,60 
-0,54 -9,68 -0,31 -2,30 -5,12 5,70 -5,77 1,82 -6,60 2,90 1,67 9,39 0,59 -1,85 9,61 22,61 
-6,25 8,70 4,28 2,17 -9,19 -5,33 -9,81 3,99 -6,79 2,31 -0,19 -1,80 2,51 -5,90 -7,85 -147,45 
-0,96 -2,96 9,90 -1,25 3,67 9,10 8,84 -0,52 -4,51 -7,00 -0,79 -9,38 -8,10 7,17 -6,43 93,85 
-5,89 6,20 -7,72 -9,89 3,03 -2,75 4,17 -7,04 -9,20 -4,85 5,84 5,34 6,64 9,99 7,30 -75,25 
7,44 7,47 0,05 8,88 3,44 -1,93 -4,11 9,11 6,61 1,74 -5,25 -7,26 7,64 4,06 -4,13 195,59 
-6,40 -7,15 -4,74 9,32 7,68 5,75 4,46 3,51 9,01 -1,85 -0,67 -5,91 5,21 -7,41 -4,41 85,61 
5,95 0,18 8,88 1,71 -7,50 2,00 -0,58 -8,84 -6,04 -0,19 0,05 -1,79 5,58 7,69 -3,12 15,18 
9,22 -5,86 -1,89 -1,84 2,84 0,61 4,70 -1,63 -6,64 2,87 9,01 -9,14 -1,62 -4,24 1,06 10,67 
6,33 2,25 0,67 -6,39 6,36 -6,65 2,82 3,21 6,25 -1,70 -3,18 -5,87 -0,12 4,70 4,51 93,26 
2,28 -5,09 -2,79 3,37 1,52 -2,04 4,45 3,13 9,63 -2,89 -2,09 0,70 4,25 -8,66 1,89 16,36 
-9,58 9,72 4,03 -5,80 -6,88 7,91 -9,66 -6,78 -6,91 -2,96 -6,45 -3,28 -6,60 7,06 3,15 -129,47 
-3,71 -7,29 -5,32 1,54 8,38 -9,73 0,56 0,30 2,66 8,30 -7,59 -7,98 -3,43 -3,16 -5,10 -133,50 
-8,84 5,01 -3,13 -3,68 -6,76 -4,60 4,38 8,54 7,48 9,42 -2,41 4,89 7,74 -3,84 -5,03 23,46 
